Post-debate consistency composition, round 1; all 15 model groups; Absolute results.
Each dataset/model group has equal weight. Differences are calculated per group before averaging.
Acc uses every evaluation question; confidence metrics use the group's common scored-question mask.
ECE, t-ECE, AUARC, AUROC, Acc, Brier and t-Brier are x100; NLL is unscaled (nats).
Positive delta AUARC/AUROC/Acc and negative delta ECE/Brier/NLL are improvements.
± is sample SD across model groups, not a confidence interval. See coverage tables for group counts.
Every method scores the same selected debate answer on the same questions.

Method                            | CSQA ACCURACY | CSQA ECE | CSQA AUARC | CSQA AUROC | CSQA BRIER | CSQA NLL | CSQA T_BRIER | CSQA T_ECE | CSQA ANSWER_MATCHED_AUARC | BOOLQ ACCURACY | BOOLQ ECE | BOOLQ AUARC | BOOLQ AUROC | BOOLQ BRIER | BOOLQ NLL | BOOLQ T_BRIER | BOOLQ T_ECE | BOOLQ ANSWER_MATCHED_AUARC | GSM8K ACCURACY | GSM8K ECE | GSM8K AUARC | GSM8K AUROC | GSM8K BRIER | GSM8K NLL | GSM8K T_BRIER | GSM8K T_ECE | GSM8K ANSWER_MATCHED_AUARC | TRUTHFULQA ACCURACY | TRUTHFULQA ECE | TRUTHFULQA AUARC | TRUTHFULQA AUROC | TRUTHFULQA BRIER | TRUTHFULQA NLL | TRUTHFULQA T_BRIER | TRUTHFULQA T_ECE | TRUTHFULQA ANSWER_MATCHED_AUARC | GPQA ACCURACY | GPQA ECE | GPQA AUARC | GPQA AUROC | GPQA BRIER | GPQA NLL | GPQA T_BRIER | GPQA T_ECE | GPQA ANSWER_MATCHED_AUARC
----------------------------------+---------------+----------+------------+------------+------------+----------+--------------+------------+---------------------------+----------------+-----------+-------------+-------------+-------------+-----------+---------------+-------------+----------------------------+----------------+-----------+-------------+-------------+-------------+-----------+---------------+-------------+----------------------------+---------------------+----------------+------------------+------------------+------------------+----------------+--------------------+------------------+---------------------------------+---------------+----------+------------+------------+------------+----------+--------------+------------+--------------------------
Single stream, same answer        | 79.56         | 8.21     | 85.00      | 64.75      | 15.85      | 0.508    | 15.31        | 3.87       | 85.00                     | 86.76          | 3.40      | 90.59       | 65.39       | 11.01       | 0.374     | 10.95         | 4.23        | 90.59                      | 94.81          | 5.96      | 96.91       | 70.36       | 4.27        | 0.187     | 4.08          | 2.10        | 96.91                      | 78.29               | 7.57           | 85.66            | 68.98            | 14.87            | 0.481          | 14.42              | 5.90             | 85.66                           | 48.56         | 34.61    | 53.02      | 58.66      | 35.82      | 1.064    | 25.55        | 12.49      | 53.02                    
Arithmetic mean                   | 79.56         | 4.31     | 89.30      | 74.95      | 13.69      | 0.435    | 13.62        | 3.44       | 89.30                     | 86.76          | 4.36      | 92.07       | 70.33       | 10.49       | 0.358     | 10.26         | 2.65        | 92.07                      | 94.81          | 8.76      | 98.18       | 82.17       | 4.55        | 0.198     | 3.83          | 1.54        | 98.18                      | 78.29               | 6.11           | 90.63            | 79.28            | 13.44            | 0.425          | 13.38              | 6.17             | 90.63                           | 48.56         | 25.19    | 56.14      | 61.79      | 30.12      | 0.856    | 25.26        | 12.28      | 56.14                    
Log-odds sum                      | 79.56         | 15.43    | 89.32      | 75.04      | 16.62      | 0.903    | 13.73        | 3.95       | 89.32                     | 86.76          | 10.45     | 92.11       | 70.51       | 11.57       | 0.671     | 10.20         | 2.24        | 92.11                      | 94.81          | 3.51      | 98.19       | 82.31       | 4.12        | 0.224     | 3.83          | 1.50        | 98.19                      | 78.29               | 15.81          | 90.66            | 79.41            | 16.59            | 0.840          | 13.51              | 7.11             | 90.66                           | 48.56         | 39.98    | 56.17      | 61.84      | 39.80      | 2.144    | 25.24        | 11.52      | 56.17                    
Log-odds mean                     | 79.56         | 4.68     | 89.32      | 75.04      | 13.81      | 0.438    | 13.73        | 3.89       | 89.32                     | 86.76          | 3.40      | 92.11       | 70.51       | 10.29       | 0.351     | 10.20         | 2.23        | 92.11                      | 94.81          | 7.96      | 98.19       | 82.31       | 4.33        | 0.190     | 3.82          | 1.49        | 98.19                      | 78.29               | 6.91           | 90.66            | 79.41            | 13.60            | 0.429          | 13.51              | 7.08             | 90.66                           | 48.56         | 27.24    | 56.17      | 61.84      | 31.03      | 0.884    | 25.23        | 11.29      | 56.17                    
Shared rho                        | 79.56         | 13.65    | 89.32      | 75.04      | 15.78      | 0.623    | 13.73        | 3.89       | 89.32                     | 86.76          | 9.29      | 92.11       | 70.51       | 11.17       | 0.489     | 10.20         | 2.23        | 92.11                      | 94.81          | 2.26      | 98.19       | 82.31       | 3.90        | 0.156     | 3.82          | 1.50        | 98.19                      | 78.29               | 14.02          | 90.66            | 79.41            | 15.60            | 0.597          | 13.51              | 7.08             | 90.66                           | 48.56         | 37.49    | 56.17      | 61.84      | 37.54      | 1.497    | 25.24        | 11.35      | 56.17                    
Shared scale                      | 79.56         | 3.89     | 89.32      | 75.04      | 13.73      | 0.435    | 13.73        | 3.89       | 89.32                     | 86.76          | 2.23      | 92.11       | 70.51       | 10.20       | 0.348     | 10.20         | 2.23        | 92.11                      | 94.81          | 1.50      | 98.19       | 82.31       | 3.82        | 0.150     | 3.82          | 1.50        | 98.19                      | 78.29               | 7.08           | 90.66            | 79.41            | 13.51            | 0.429          | 13.51              | 7.08             | 90.66                           | 48.56         | 11.20    | 56.17      | 61.84      | 25.23      | 0.699    | 25.23        | 11.19      | 56.17                    
Kahn (full covariance)            | 79.56         | 6.26     | 89.15      | 74.97      | 14.15      | 0.454    | 13.88        | 4.16       | 89.15                     | 86.76          | 4.20      | 92.73       | 72.94       | 10.19       | 0.355     | 10.04         | 3.36        | 92.73                      | 94.81          | 4.42      | 98.05       | 81.83       | 4.72        | 0.283     | 4.42          | 3.66        | 98.05                      | 78.29               | 6.26           | 90.69            | 80.08            | 13.38            | 0.434          | 13.32              | 7.21             | 90.69                           | 48.56         | 15.21    | 55.90      | 62.78      | 25.35      | 0.727    | 25.36        | 15.08      | 55.90                    
Weighted BLP                      | 79.56         | 3.90     | 89.35      | 75.20      | 13.68      | 0.434    | 13.68        | 3.91       | 89.35                     | 86.76          | 1.73      | 92.51       | 72.39       | 9.77        | 0.336     | 9.77          | 1.73        | 92.51                      | 94.81          | 1.52      | 98.18       | 82.26       | 3.84        | 0.151     | 3.84          | 1.54        | 98.18                      | 78.29               | 6.16           | 90.79            | 80.19            | 13.12            | 0.420          | 13.12              | 6.21             | 90.79                           | 48.56         | 14.86    | 55.94      | 62.44      | 25.65      | 0.906    | 25.64        | 14.95      | 55.94                    
Regularized logistic pooling      | 79.56         | 3.75     | 89.11      | 74.84      | 13.77      | 0.438    | 13.78        | 3.76       | 89.11                     | 86.76          | 2.23      | 92.70       | 72.83       | 9.82        | 0.337     | 9.82          | 2.21        | 92.70                      | 94.81          | 1.72      | 98.15       | 81.94       | 3.87        | 0.153     | 3.88          | 1.65        | 98.15                      | 78.29               | 6.98           | 90.66            | 79.87            | 13.25            | 0.425          | 13.25              | 6.81             | 90.66                           | 48.56         | 13.12    | 55.71      | 62.79      | 24.83      | 0.716    | 25.50        | 14.83      | 55.71                    
Equal-weight BLP                  | 79.56         | 3.46     | 89.30      | 74.95      | 13.65      | 0.433    | 13.65        | 3.50       | 89.30                     | 86.76          | 2.18      | 92.07       | 70.33       | 10.23       | 0.349     | 10.23         | 2.18        | 92.07                      | 94.81          | 1.31      | 98.18       | 82.17       | 3.79        | 0.148     | 3.79          | 1.32        | 98.18                      | 78.29               | 6.30           | 90.63            | 79.28            | 13.51            | 0.429          | 13.51              | 6.30             | 90.63                           | 48.56         | 13.32    | 56.14      | 61.79      | 25.10      | 0.704    | 25.10        | 13.25      | 56.14                    
Kahn (diagonal covariance)        | 79.56         | 9.17     | 89.45      | 75.51      | 14.99      | 0.513    | 14.24        | 6.03       | 89.45                     | 86.76          | 6.33      | 92.74       | 72.92       | 10.85       | 0.395     | 10.51         | 5.15        | 92.74                      | 94.81          | 5.08      | 98.21       | 82.69       | 5.23        | 0.379     | 4.81          | 5.02        | 98.21                      | 78.29               | 7.91           | 90.83            | 80.18            | 14.19            | 0.477          | 13.84              | 9.25             | 90.83                           | 48.56         | 16.05    | 56.48      | 63.13      | 25.82      | 0.750    | 25.37        | 15.28      | 56.48                    
CAGE-CAL (paired debate)          | 79.56         | 3.83     | 90.02      | 75.84      | 13.62      | 0.431    | 14.04        | 6.86       | 90.02                     | 86.76          | 3.29      | 94.81       | 79.19       | 9.28        | 0.319     | 9.21          | 1.79        | 94.81                      | 94.81          | 4.50      | 98.63       | 86.11       | 3.90        | 0.160     | 3.82          | 1.92        | 98.63                      | 78.29               | 5.15           | 89.54            | 76.08            | 14.20            | 0.446          | 14.16              | 4.50             | 89.54                           | 48.56         | 16.94    | 55.29      | 59.97      | 27.12      | 0.750    | 30.62        | 24.21      | 55.29                    
CAGE-CAL (paired debate + BetaSB) | 79.56         | 7.98     | 90.02      | 75.84      | 14.37      | 0.462    | --           | --         | 90.02                     | 86.76          | 1.96      | 94.81       | 79.19       | 9.33        | 0.318     | --            | --          | 94.81                      | 94.81          | 1.64      | 98.63       | 86.11       | 3.80        | 0.144     | --            | --          | 98.63                      | 78.29               | 5.15           | 89.54            | 76.08            | 14.20            | 0.446          | --                 | --               | 89.54                           | 48.56         | 16.94    | 55.29      | 59.97      | 27.12      | 0.750    | --           | --         | 55.29                    
