Post-debate consistency composition, round 1; groups of 4 models; Absolute results.
Each dataset/model group has equal weight. Differences are calculated per group before averaging.
Acc uses every evaluation question; confidence metrics use the group's common scored-question mask.
ECE, t-ECE, AUARC, AUROC, Acc, Brier and t-Brier are x100; NLL is unscaled (nats).
Positive delta AUARC/AUROC/Acc and negative delta ECE/Brier/NLL are improvements.
± is sample SD across model groups, not a confidence interval. See coverage tables for group counts.
Every method scores the same selected debate answer on the same questions; in debate the two AUARC columns coincide.

Method                            | CSQA ACCURACY | CSQA ECE | CSQA AUARC | CSQA AUROC | CSQA BRIER | CSQA NLL | CSQA T_BRIER | CSQA T_ECE | CSQA ANSWER_MATCHED_AUARC | BOOLQ ACCURACY | BOOLQ ECE | BOOLQ AUARC | BOOLQ AUROC | BOOLQ BRIER | BOOLQ NLL | BOOLQ T_BRIER | BOOLQ T_ECE | BOOLQ ANSWER_MATCHED_AUARC | GSM8K ACCURACY | GSM8K ECE | GSM8K AUARC | GSM8K AUROC | GSM8K BRIER | GSM8K NLL | GSM8K T_BRIER | GSM8K T_ECE | GSM8K ANSWER_MATCHED_AUARC | TRUTHFULQA ACCURACY | TRUTHFULQA ECE | TRUTHFULQA AUARC | TRUTHFULQA AUROC | TRUTHFULQA BRIER | TRUTHFULQA NLL | TRUTHFULQA T_BRIER | TRUTHFULQA T_ECE | TRUTHFULQA ANSWER_MATCHED_AUARC | GPQA ACCURACY | GPQA ECE | GPQA AUARC | GPQA AUROC | GPQA BRIER | GPQA NLL | GPQA T_BRIER | GPQA T_ECE | GPQA ANSWER_MATCHED_AUARC
----------------------------------+---------------+----------+------------+------------+------------+----------+--------------+------------+---------------------------+----------------+-----------+-------------+-------------+-------------+-----------+---------------+-------------+----------------------------+----------------+-----------+-------------+-------------+-------------+-----------+---------------+-------------+----------------------------+---------------------+----------------+------------------+------------------+------------------+----------------+--------------------+------------------+---------------------------------+---------------+----------+------------+------------+------------+----------+--------------+------------+--------------------------
Single stream, same answer        | 79.98         | 9.08     | 85.43      | 64.70      | 16.52      | 0.523    | 15.86        | 4.94       | 85.43                     | 87.28          | 3.46      | 90.90       | 65.20       | 10.87       | 0.371     | 10.82         | 4.54        | 90.90                      | 95.13          | 6.03      | 97.25       | 72.47       | 3.73        | 0.172     | 3.49          | 2.01        | 97.25                      | 78.54               | 6.94           | 85.93            | 69.23            | 14.67            | 0.476          | 14.32              | 6.46             | 85.93                           | 49.02         | 33.57    | 53.83      | 58.15      | 35.28      | 1.051    | 25.10        | 8.45       | 53.83                    
Arithmetic mean                   | 79.98         | 3.76     | 90.38      | 76.79      | 13.08      | 0.419    | 13.05        | 2.57       | 90.38                     | 87.28          | 4.19      | 92.93       | 72.01       | 10.05       | 0.345     | 9.87          | 1.94        | 92.93                      | 95.13          | 9.65      | 98.88       | 87.31       | 4.26        | 0.192     | 3.37          | 1.59        | 98.88                      | 78.54               | 5.37           | 91.88            | 80.77            | 12.96            | 0.410          | 13.01              | 5.23             | 91.88                           | 49.02         | 22.52    | 58.10      | 60.85      | 29.04      | 0.814    | 24.91        | 10.53      | 58.10                    
Log-odds sum                      | 79.98         | 15.42    | 90.43      | 77.00      | 16.20      | 0.914    | 13.13        | 3.14       | 90.43                     | 87.28          | 10.60     | 92.96       | 72.19       | 11.33       | 0.709     | 9.79          | 1.39        | 92.96                      | 95.13          | 3.48      | 98.88       | 87.40       | 3.73        | 0.211     | 3.38          | 1.43        | 98.88                      | 78.54               | 16.08          | 91.89            | 80.82            | 16.59            | 0.891          | 13.16              | 6.62             | 91.89                           | 49.02         | 41.60    | 58.16      | 60.83      | 40.76      | 2.304    | 25.00        | 9.33       | 58.16                    
Log-odds mean                     | 79.98         | 3.03     | 90.43      | 77.00      | 13.12      | 0.419    | 13.13        | 3.14       | 90.43                     | 87.28          | 2.82      | 92.96       | 72.19       | 9.85        | 0.339     | 9.79          | 1.39        | 92.96                      | 95.13          | 8.59      | 98.88       | 87.40       | 3.99        | 0.182     | 3.38          | 1.39        | 98.88                      | 78.54               | 6.59           | 91.89            | 80.82            | 13.14            | 0.414          | 13.16              | 6.62             | 91.89                           | 49.02         | 25.11    | 58.16      | 60.83      | 30.23      | 0.850    | 24.99        | 8.80       | 58.16                    
Shared rho                        | 79.98         | 13.52    | 90.43      | 77.00      | 15.29      | 0.641    | 13.13        | 3.14       | 90.43                     | 87.28          | 9.34      | 92.96       | 72.19       | 10.83       | 0.499     | 9.79          | 1.39        | 92.96                      | 95.13          | 2.09      | 98.88       | 87.40       | 3.46        | 0.138     | 3.38          | 1.43        | 98.88                      | 78.54               | 13.70          | 91.89            | 80.82            | 15.28            | 0.596          | 13.16              | 6.62             | 91.89                           | 49.02         | 37.98    | 58.16      | 60.83      | 37.59      | 1.464    | 24.99        | 8.80       | 58.16                    
Shared scale                      | 79.98         | 3.14     | 90.43      | 77.00      | 13.13      | 0.419    | 13.13        | 3.14       | 90.43                     | 87.28          | 1.39      | 92.96       | 72.19       | 9.79        | 0.335     | 9.79          | 1.39        | 92.96                      | 95.13          | 1.43      | 98.88       | 87.40       | 3.38        | 0.132     | 3.38          | 1.43        | 98.88                      | 78.54               | 6.62           | 91.89            | 80.82            | 13.16            | 0.419          | 13.16              | 6.62             | 91.89                           | 49.02         | 8.80     | 58.16      | 60.83      | 24.99      | 0.693    | 24.99        | 8.80       | 58.16                    
Kahn (full covariance)            | 79.98         | 5.65     | 90.56      | 77.43      | 13.54      | 0.434    | 13.29        | 3.88       | 90.56                     | 87.28          | 4.66      | 93.17       | 73.72       | 9.83        | 0.345     | 9.67          | 3.49        | 93.17                      | 95.13          | 3.99      | 98.69       | 86.76       | 4.20        | 0.246     | 3.96          | 3.70        | 98.69                      | 78.54               | 6.32           | 91.84            | 80.78            | 13.47            | 0.433          | 13.40              | 6.62             | 91.84                           | 49.02         | 9.67     | 59.23      | 63.87      | 24.37      | 0.705    | 24.42        | 9.70       | 59.23                    
Weighted BLP                      | 79.98         | 4.36     | 90.57      | 77.44      | 13.15      | 0.419    | 13.15        | 4.42       | 90.57                     | 87.28          | 1.49      | 93.15       | 73.55       | 9.32        | 0.323     | 9.32          | 1.44        | 93.15                      | 95.13          | 1.35      | 98.87       | 87.31       | 3.42        | 0.133     | 3.42          | 1.37        | 98.87                      | 78.54               | 5.03           | 91.61            | 80.51            | 13.08            | 0.415          | 13.08              | 5.09             | 91.61                           | 49.02         | 10.48    | 59.36      | 64.37      | 24.39      | 0.909    | 24.38        | 10.44      | 59.36                    
Regularized logistic pooling      | 79.98         | 3.55     | 90.54      | 77.39      | 13.23      | 0.422    | 13.23        | 3.58       | 90.54                     | 87.28          | 2.07      | 93.22       | 73.73       | 9.36        | 0.325     | 9.36          | 2.06        | 93.22                      | 95.13          | 1.59      | 98.88       | 87.34       | 3.40        | 0.134     | 3.40          | 1.58        | 98.88                      | 78.54               | 5.73           | 91.82            | 80.67            | 13.06            | 0.417          | 13.06              | 5.50             | 91.82                           | 49.02         | 8.64     | 59.07      | 63.83      | 24.19      | 0.714    | 24.40        | 9.49       | 59.07                    
Equal-weight BLP                  | 79.98         | 3.25     | 90.38      | 76.79      | 13.18      | 0.420    | 13.19        | 3.37       | 90.38                     | 87.28          | 2.09      | 92.93       | 72.01       | 9.88        | 0.338     | 9.88          | 2.10        | 92.93                      | 95.13          | 1.35      | 98.88       | 87.31       | 3.37        | 0.131     | 3.37          | 1.36        | 98.88                      | 78.54               | 5.72           | 91.88            | 80.77            | 13.13            | 0.416          | 13.13              | 5.77             | 91.88                           | 49.02         | 11.08    | 58.10      | 60.85      | 24.92      | 0.699    | 24.90        | 10.99      | 58.10                    
Kahn (diagonal covariance)        | 79.98         | 8.90     | 90.65      | 77.75      | 14.23      | 0.475    | 13.55        | 5.96       | 90.65                     | 87.28          | 7.13      | 93.16       | 73.61       | 10.63       | 0.384     | 10.29         | 5.61        | 93.16                      | 95.13          | 4.48      | 98.89       | 87.56       | 4.67        | 0.338     | 4.43          | 5.30        | 98.89                      | 78.54               | 8.14           | 91.92            | 81.07            | 14.20            | 0.473          | 13.85              | 9.12             | 91.92                           | 49.02         | 12.02    | 59.60      | 64.66      | 25.34      | 0.761    | 24.55        | 11.46      | 59.60                    
CAGE-CAL (paired debate)          | 79.98         | 3.55     | 92.16      | 79.43      | 13.05      | 0.413    | 13.34        | 5.88       | 92.16                     | 87.28          | 3.32      | 95.43       | 80.67       | 8.93        | 0.308     | 8.87          | 2.09        | 95.43                      | 95.13          | 4.53      | 98.86       | 87.69       | 3.52        | 0.149     | 3.42          | 1.64        | 98.86                      | 78.54               | 5.75           | 91.55            | 78.56            | 13.85            | 0.434          | 14.18              | 6.70             | 91.55                           | 49.02         | 14.40    | 56.21      | 58.97      | 26.69      | 0.739    | 32.47        | 26.55      | 56.21                    
CAGE-CAL (paired debate + BetaSB) | 79.98         | 7.13     | 92.16      | 79.43      | 13.70      | 0.431    | --           | --         | 92.16                     | 87.28          | 1.73      | 95.43       | 80.67       | 8.98        | 0.306     | --            | --          | 95.43                      | 95.13          | 1.75      | 98.86       | 87.69       | 3.45        | 0.132     | --            | --          | 98.86                      | 78.54               | 5.75           | 91.55            | 78.56            | 13.85            | 0.434          | --                 | --               | 91.55                           | 49.02         | 14.40    | 56.21      | 58.97      | 26.69      | 0.739    | --           | --         | 56.21                    
