Voting protocol / cons / size_3 / absolute
Acc, ECE, t-ECE, AUARC, AUROC, Brier and t-Brier are x100; NLL is unscaled in nats.
Each model group has equal weight; the overall table averages groups, not size-table averages.
Delta = method minus its own group's reference before averaging: negative ECE/Brier/NLL and positive Acc/AUARC/AUROC are improvements.
Panel counts are in the matching coverage table; -- means unavailable. Partial rows use different groups.
All present methods and solo models use the same scored questions within each group and estimator.
Judge rows marked approximate reuse old scores, including changed targets; rerun before publication.
CAGE-CAL uses the IID voting adaptation and ensemble scores across training seeds; Dataset-specific BetaSB identity fallbacks are recorded in manifest.json.

Method                                          | CSQA Acc | CSQA ECE | CSQA t-ECE | CSQA AUARC | CSQA AUROC | CSQA Brier | CSQA t-Brier | CSQA NLL | BoolQ Acc | BoolQ ECE | BoolQ t-ECE | BoolQ AUARC | BoolQ AUROC | BoolQ Brier | BoolQ t-Brier | BoolQ NLL | GSM8K Acc | GSM8K ECE | GSM8K t-ECE | GSM8K AUARC | GSM8K AUROC | GSM8K Brier | GSM8K t-Brier | GSM8K NLL | TruthfulQA Acc | TruthfulQA ECE | TruthfulQA t-ECE | TruthfulQA AUARC | TruthfulQA AUROC | TruthfulQA Brier | TruthfulQA t-Brier | TruthfulQA NLL | GPQA Acc | GPQA ECE | GPQA t-ECE | GPQA AUARC | GPQA AUROC | GPQA Brier | GPQA t-Brier | GPQA NLL
------------------------------------------------+----------+----------+------------+------------+------------+------------+--------------+----------+-----------+-----------+-------------+-------------+-------------+-------------+---------------+-----------+-----------+-----------+-------------+-------------+-------------+-------------+---------------+-----------+----------------+----------------+------------------+------------------+------------------+------------------+--------------------+----------------+----------+----------+------------+------------+------------+------------+--------------+---------
Solo reference                                  | 77.56    | 7.74     | 3.67       | 84.99      | 69.25      | 15.57      | 15.14        | 0.497    | 87.86     | 1.70      | 2.22        | 91.48       | 66.28       | 9.34        | 9.33          | 0.328     | 93.67     | 5.94      | 1.50        | 97.07       | 77.43       | 4.64        | 4.46          | 0.195     | 75.60          | 8.58           | 6.21             | 85.45            | 73.59            | 15.55            | 15.07              | 0.490          | 46.46    | 23.66    | 11.10      | 52.66      | 60.50      | 30.15      | 25.25        | 0.879   
Arithmetic mean                                 | 80.67    | 4.34     | 2.76       | 92.07      | 79.63      | 12.57      | 12.49        | 0.401    | 88.39     | 4.55      | 1.61        | 95.06       | 78.46       | 8.73        | 8.56          | 0.305     | 94.50     | 10.27     | 2.45        | 99.09       | 91.56       | 4.57        | 3.66          | 0.196     | 75.06          | 6.18           | 6.38             | 91.11            | 83.36            | 13.72            | 13.74              | 0.428          | 45.38    | 13.93    | 12.58      | 57.41      | 65.65      | 24.27      | 23.80        | 0.686   
Log-odds sum                                    | 80.67    | 12.43    | 3.35       | 92.10      | 79.76      | 14.55      | 12.53        | 0.624    | 88.39     | 8.70      | 2.17        | 95.08       | 78.57       | 9.73        | 8.59          | 0.473     | 94.50     | 3.05      | 2.33        | 99.10       | 91.65       | 3.87        | 3.65          | 0.157     | 75.06          | 13.16          | 6.14             | 91.23            | 83.76            | 15.75            | 13.61              | 0.599          | 45.38    | 27.09    | 10.49      | 56.83      | 65.00      | 30.85      | 24.05        | 1.138   
Log-odds mean                                   | 80.67    | 4.00     | 3.35       | 92.10      | 79.76      | 12.52      | 12.53        | 0.400    | 88.39     | 3.94      | 2.17        | 95.08       | 78.57       | 8.65        | 8.59          | 0.303     | 94.50     | 9.41      | 2.33        | 99.10       | 91.65       | 4.30        | 3.65          | 0.188     | 75.06          | 5.14           | 6.14             | 91.23            | 83.76            | 13.53            | 13.61              | 0.423          | 45.38    | 13.61    | 10.49      | 56.83      | 65.00      | 25.06      | 24.05        | 0.707   
Shared rho                                      | 80.67    | 10.10    | 3.35       | 92.10      | 79.76      | 13.75      | 12.53        | 0.493    | 88.39     | 7.43      | 2.17        | 95.08       | 78.57       | 9.35        | 8.59          | 0.377     | 94.50     | 2.33      | 2.33        | 99.10       | 91.65       | 3.64        | 3.65          | 0.134     | 75.06          | 11.17          | 6.14             | 91.23            | 83.76            | 14.95            | 13.61              | 0.506          | 45.38    | 25.23    | 10.49      | 56.83      | 65.00      | 29.67      | 24.05        | 0.999   
Shared scale                                    | 80.67    | 3.35     | 3.35       | 92.10      | 79.76      | 12.53      | 12.53        | 0.398    | 88.39     | 2.17      | 2.17        | 95.08       | 78.57       | 8.59        | 8.59          | 0.296     | 94.50     | 2.33      | 2.33        | 99.10       | 91.65       | 3.65        | 3.65          | 0.134     | 75.06          | 6.14           | 6.14             | 91.23            | 83.76            | 13.61            | 13.61              | 0.427          | 45.38    | 10.49    | 10.49      | 56.83      | 65.00      | 24.05      | 24.05        | 0.676   
Kahn (full covariance)                          | 80.67    | 6.90     | 5.05       | 92.04      | 79.38      | 13.67      | 13.30        | 0.437    | 88.39     | 4.50      | 3.28        | 95.15       | 79.18       | 8.97        | 8.75          | 0.314     | 94.50     | 4.82      | 4.31        | 99.09       | 91.50       | 4.88        | 4.43          | 0.297     | 75.06          | 6.93           | 7.03             | 90.97            | 84.08            | 13.88            | 13.64              | 0.440          | 45.38    | 11.64    | 10.96      | 55.12      | 65.39      | 24.10      | 23.73        | 0.687   
Weighted BLP                                    | 80.67    | 3.67     | 3.66       | 92.01      | 79.25      | 12.86      | 12.86        | 0.405    | 88.39     | 1.74      | 1.74        | 95.15       | 79.11       | 8.43        | 8.43          | 0.291     | 94.50     | 1.61      | 1.62        | 99.09       | 91.59       | 3.45        | 3.45          | 0.126     | 75.06          | 6.10           | 6.12             | 91.22            | 84.37            | 13.41            | 13.41              | 0.422          | 45.38    | 12.23    | 12.22      | 56.12      | 66.38      | 23.62      | 23.62        | 0.673   
Regularized logistic pooling                    | 80.67    | 4.64     | 4.62       | 92.05      | 79.46      | 12.99      | 13.00        | 0.410    | 88.39     | 2.37      | 2.44        | 95.14       | 79.06       | 8.49        | 8.49          | 0.294     | 94.50     | 1.77      | 1.68        | 99.09       | 91.61       | 3.43        | 3.43          | 0.127     | 75.06          | 6.90           | 7.01             | 90.68            | 83.51            | 13.64            | 13.65              | 0.430          | 45.38    | 11.12    | 13.06      | 54.51      | 64.98      | 23.88      | 24.26        | 0.677   
Equal-weight BLP                                | 80.67    | 3.44     | 3.44       | 92.07      | 79.63      | 12.66      | 12.66        | 0.401    | 88.39     | 1.41      | 1.40        | 95.06       | 78.46       | 8.55        | 8.55          | 0.294     | 94.50     | 1.72      | 1.68        | 99.09       | 91.56       | 3.45        | 3.45          | 0.126     | 75.06          | 6.70           | 6.75             | 91.11            | 83.36            | 13.81            | 13.81              | 0.429          | 45.38    | 8.85     | 8.81       | 57.41      | 65.65      | 23.31      | 23.30        | 0.660   
Kahn (diagonal covariance)                      | 80.67    | 8.96     | 6.13       | 92.09      | 79.67      | 14.30      | 13.54        | 0.479    | 88.39     | 6.11      | 4.66        | 95.16       | 79.20       | 9.49        | 9.08          | 0.345     | 94.50     | 5.53      | 5.93        | 99.10       | 91.77       | 5.49        | 4.83          | 0.417     | 75.06          | 6.68           | 8.77             | 91.55            | 84.95            | 13.73            | 13.45              | 0.439          | 45.38    | 11.04    | 10.04      | 55.42      | 65.78      | 24.03      | 23.54        | 0.688   
Judge g3-27i: reasoning (approx.)               | 80.67    | 13.58    | 2.97       | 89.43      | 73.26      | 15.66      | 13.75        | 1.024    | 88.39     | 9.59      | 2.48        | 92.33       | 67.66       | 10.50       | 9.52          | 0.970     | 94.50     | 4.70      | 0.95        | 96.82       | 71.18       | 4.90        | 4.41          | 0.458     | 75.06          | 14.58          | 5.93             | 86.56            | 75.27            | 17.48            | 16.27              | 1.066          | 45.38    | 38.64    | 13.38      | 54.55      | 60.21      | 38.92      | 25.51        | 1.539   
Judge g3-27i: reasoning + confidence (approx.)  | 80.67    | 12.24    | 6.40       | 91.44      | 77.08      | 14.95      | 13.57        | 0.695    | 88.39     | 8.29      | 3.64        | 94.28       | 75.13       | 9.88        | 9.25          | 0.673     | 94.50     | 3.05      | 3.50        | 98.70       | 87.05       | 4.39        | 4.55          | 0.210     | 75.06          | 14.98          | 9.47             | 88.98            | 78.63            | 17.77            | 16.19              | 0.715          | 45.38    | 37.23    | 11.91      | 52.87      | 61.61      | 36.92      | 25.79        | 1.266   
Judge l32-3bi: reasoning (approx.)              | 80.67    | 7.68     | 4.36       | 85.01      | 61.88      | 15.49      | 15.01        | 0.491    | 88.39     | 3.57      | 3.14        | 92.23       | 66.47       | 9.79        | 9.79          | 0.340     | 94.50     | 6.48      | 4.59        | 97.07       | 70.14       | 5.78        | 5.67          | 0.243     | 75.06          | 11.42          | 5.49             | 81.16            | 62.38            | 19.24            | 18.10              | 0.591          | 45.38    | 38.72    | 7.46       | 50.83      | 56.39      | 39.19      | 25.19        | 1.076   
Judge l32-3bi: reasoning + confidence (approx.) | 80.67    | 7.30     | 6.25       | 88.45      | 68.59      | 15.10      | 14.68        | 0.496    | 88.39     | 6.31      | 6.08        | 94.10       | 70.43       | 10.64       | 10.63         | 0.366     | 94.50     | 6.34      | 5.44        | 97.31       | 74.58       | 5.35        | 5.25          | 0.256     | 75.06          | 11.20          | 8.87             | 82.30            | 64.13            | 19.10            | 18.61              | 0.640          | 45.38    | 38.92    | 8.23       | 52.17      | 58.03      | 39.23      | 25.12        | 1.285   
CAGE-CAL (IID + BetaSB)                         | 80.67    | 8.48     | --         | 89.00      | 71.29      | 14.79      | --           | 0.477    | 88.39     | 0.96      | --          | 94.91       | 74.80       | 9.35        | --            | 0.322     | 94.50     | 2.25      | --          | 98.66       | 86.32       | 4.27        | --            | 0.164     | 75.06          | 4.24           | --               | 86.34            | 73.96            | 15.96            | --                 | 0.488          | 45.38    | 17.07    | --         | 54.59      | 61.84      | 26.41      | --           | 0.732   
