Voting protocol / cons / size_5 / absolute
Acc, ECE, t-ECE, AUARC, AUROC, Brier and t-Brier are x100; NLL is unscaled in nats.
Each model group has equal weight; the overall table averages groups, not size-table averages.
Delta = method minus its own group's reference before averaging: negative ECE/Brier/NLL and positive Acc/AUARC/AUROC are improvements.
Panel counts are in the matching coverage table; -- means unavailable. Partial rows use different groups.
All present methods and solo models use the same scored questions within each group and estimator.
Judge rows marked approximate reuse old scores, including changed targets; rerun before publication.
CAGE-CAL uses the IID voting adaptation and ensemble scores across training seeds; Dataset-specific BetaSB identity fallbacks are recorded in manifest.json.

Method                                          | CSQA Acc | CSQA ECE | CSQA t-ECE | CSQA AUARC | CSQA AUROC | CSQA Brier | CSQA t-Brier | CSQA NLL | BoolQ Acc | BoolQ ECE | BoolQ t-ECE | BoolQ AUARC | BoolQ AUROC | BoolQ Brier | BoolQ t-Brier | BoolQ NLL | GSM8K Acc | GSM8K ECE | GSM8K t-ECE | GSM8K AUARC | GSM8K AUROC | GSM8K Brier | GSM8K t-Brier | GSM8K NLL | TruthfulQA Acc | TruthfulQA ECE | TruthfulQA t-ECE | TruthfulQA AUARC | TruthfulQA AUROC | TruthfulQA Brier | TruthfulQA t-Brier | TruthfulQA NLL | GPQA Acc | GPQA ECE | GPQA t-ECE | GPQA AUARC | GPQA AUROC | GPQA Brier | GPQA t-Brier | GPQA NLL
------------------------------------------------+----------+----------+------------+------------+------------+------------+--------------+----------+-----------+-----------+-------------+-------------+-------------+-------------+---------------+-----------+-----------+-----------+-------------+-------------+-------------+-------------+---------------+-----------+----------------+----------------+------------------+------------------+------------------+------------------+--------------------+----------------+----------+----------+------------+------------+------------+------------+--------------+---------
Solo reference                                  | 78.69    | 7.21     | 4.12       | 85.77      | 68.89      | 15.38      | 15.05        | 0.490    | 88.43     | 2.08      | 2.63        | 92.35       | 68.31       | 8.81        | 8.81          | 0.312     | 93.85     | 5.40      | 0.99        | 96.66       | 73.84       | 4.48        | 4.28          | 0.193     | 75.30          | 7.92           | 4.52             | 85.77            | 74.69            | 15.41            | 14.96              | 0.484          | 46.01    | 24.64    | 16.10      | 56.40      | 67.17      | 27.61      | 24.88        | 0.805   
Arithmetic mean                                 | 82.32    | 5.19     | 2.03       | 93.60      | 80.82      | 12.02      | 11.86        | 0.387    | 88.80     | 6.18      | 1.49        | 95.90       | 80.81       | 8.51        | 8.17          | 0.301     | 95.11     | 12.04     | 2.96        | 99.42       | 93.13       | 4.76        | 3.48          | 0.204     | 76.25          | 6.78           | 4.93             | 92.99            | 85.31            | 13.10            | 12.81              | 0.411          | 52.86    | 16.52    | 13.18      | 59.44      | 56.97      | 25.52      | 25.06        | 0.706   
Log-odds sum                                    | 82.32    | 14.18    | 3.39       | 93.63      | 80.94      | 15.08      | 11.97        | 0.856    | 88.80     | 9.11      | 1.90        | 95.93       | 81.02       | 9.69        | 8.20          | 0.669     | 95.11     | 3.52      | 2.73        | 99.42       | 93.22       | 3.73        | 3.41          | 0.193     | 76.25          | 14.81          | 5.38             | 93.15            | 85.87            | 16.29            | 12.72              | 0.750          | 52.86    | 35.21    | 13.45      | 58.86      | 56.24      | 37.33      | 25.54        | 1.792   
Log-odds mean                                   | 82.32    | 4.26     | 3.39       | 93.63      | 80.94      | 11.98      | 11.97        | 0.385    | 88.80     | 4.60      | 1.90        | 95.93       | 81.02       | 8.34        | 8.20          | 0.295     | 95.11     | 10.83     | 2.73        | 99.42       | 93.22       | 4.33        | 3.41          | 0.191     | 76.25          | 5.85           | 5.38             | 93.15            | 85.87            | 12.79            | 12.72              | 0.402          | 52.86    | 19.00    | 13.45      | 58.86      | 56.24      | 26.63      | 25.54        | 0.736   
Shared rho                                      | 82.32    | 10.37    | 3.39       | 93.63      | 80.94      | 13.42      | 11.97        | 0.485    | 88.80     | 7.54      | 1.90        | 95.93       | 81.02       | 9.07        | 8.20          | 0.388     | 95.11     | 2.57      | 2.73        | 99.42       | 93.22       | 3.41        | 3.41          | 0.123     | 76.25          | 11.14          | 5.38             | 93.15            | 85.87            | 14.48            | 12.72              | 0.484          | 52.86    | 30.58    | 13.45      | 58.86      | 56.24      | 34.07      | 25.54        | 1.155   
Shared scale                                    | 82.32    | 3.39     | 3.39       | 93.63      | 80.94      | 11.97      | 11.97        | 0.380    | 88.80     | 1.90      | 1.90        | 95.93       | 81.02       | 8.20        | 8.20          | 0.283     | 95.11     | 2.73      | 2.73        | 99.42       | 93.22       | 3.41        | 3.41          | 0.124     | 76.25          | 5.38           | 5.38             | 93.15            | 85.87            | 12.72            | 12.72              | 0.396          | 52.86    | 13.45    | 13.45      | 58.86      | 56.24      | 25.54      | 25.54        | 0.706   
Kahn (full covariance)                          | 82.32    | 6.76     | 6.55       | 93.56      | 80.47      | 13.07      | 12.71        | 0.412    | 88.80     | 5.01      | 3.25        | 96.06       | 82.08       | 8.55        | 8.23          | 0.306     | 95.11     | 4.85      | 4.15        | 99.45       | 93.24       | 4.75        | 4.04          | 0.267     | 76.25          | 7.25           | 7.76             | 93.33            | 86.81            | 13.37            | 12.97              | 0.418          | 52.86    | 16.40    | 10.74      | 62.09      | 61.85      | 25.97      | 24.95        | 0.735   
Weighted BLP                                    | 82.32    | 4.20     | 4.20       | 93.58      | 80.51      | 12.10      | 12.10        | 0.382    | 88.80     | 1.40      | 1.42        | 96.04       | 81.97       | 7.93        | 7.93          | 0.273     | 95.11     | 1.21      | 1.14        | 99.44       | 93.51       | 2.92        | 2.92          | 0.109     | 76.25          | 7.25           | 7.21             | 93.49            | 86.89            | 12.71            | 12.70              | 0.390          | 52.86    | 12.49    | 12.54      | 60.64      | 61.34      | 25.06      | 25.08        | 0.704   
Regularized logistic pooling                    | 82.32    | 5.02     | 5.07       | 93.60      | 80.73      | 12.20      | 12.20        | 0.386    | 88.80     | 2.08      | 2.07        | 96.05       | 82.04       | 7.99        | 7.99          | 0.276     | 95.11     | 0.97      | 0.92        | 99.43       | 93.38       | 2.88        | 2.88          | 0.110     | 76.25          | 6.59           | 6.93             | 92.99            | 86.09            | 12.86            | 12.87              | 0.403          | 52.86    | 10.97    | 12.21      | 62.16      | 61.82      | 24.90      | 25.25        | 0.697   
Equal-weight BLP                                | 82.32    | 1.99     | 2.00       | 93.60      | 80.82      | 11.79      | 11.79        | 0.374    | 88.80     | 1.36      | 1.37        | 95.90       | 80.81       | 8.17        | 8.17          | 0.280     | 95.11     | 1.35      | 1.26        | 99.42       | 93.13       | 3.05        | 3.04          | 0.112     | 76.25          | 4.60           | 4.88             | 92.99            | 85.31            | 12.83            | 12.84              | 0.394          | 52.86    | 11.25    | 11.04      | 59.44      | 56.97      | 25.20      | 25.21        | 0.698   
Kahn (diagonal covariance)                      | 82.32    | 13.03    | 10.30      | 93.63      | 80.89      | 15.55      | 13.90        | 0.560    | 88.80     | 8.28      | 6.79        | 96.04       | 81.90       | 9.93        | 9.10          | 0.418     | 95.11     | 5.95      | 6.90        | 99.45       | 93.60       | 5.82        | 4.94          | 0.506     | 76.25          | 9.14           | 9.05             | 93.69            | 87.63            | 13.86            | 12.98              | 0.458          | 52.86    | 21.22    | 13.05      | 60.74      | 61.64      | 27.57      | 25.02        | 0.799   
Judge g3-27i: reasoning (approx.)               | 82.32    | 12.76    | 4.16       | 89.93      | 71.86      | 14.75      | 13.24        | 1.010    | 88.80     | 9.01      | 2.56        | 93.37       | 70.64       | 10.10       | 9.23          | 0.821     | 95.11     | 3.20      | 1.43        | 98.18       | 81.69       | 3.65        | 3.47          | 0.277     | 76.25          | 14.77          | 4.33             | 88.11            | 76.69            | 17.03            | 15.44              | 0.952          | 52.86    | 30.10    | 10.60      | 62.79      | 63.95      | 31.76      | 24.85        | 1.340   
Judge g3-27i: reasoning + confidence (approx.)  | 82.32    | 11.00    | 5.78       | 92.35      | 76.64      | 14.00      | 12.89        | 0.627    | 88.80     | 7.63      | 4.13        | 94.87       | 76.39       | 9.47        | 9.06          | 0.594     | 95.11     | 2.06      | 3.89        | 98.82       | 86.82       | 3.67        | 4.02          | 0.189     | 76.25          | 13.96          | 9.13             | 90.86            | 80.40            | 16.79            | 15.04              | 0.585          | 52.86    | 30.75    | 7.23       | 63.10      | 64.07      | 32.22      | 24.42        | 1.037   
Judge l32-3bi: reasoning (approx.)              | 82.32    | 6.12     | 2.60       | 86.18      | 61.56      | 14.33      | 14.00        | 0.467    | 88.80     | 4.41      | 3.60        | 93.20       | 68.66       | 9.50        | 9.48          | 0.329     | 95.11     | 6.35      | 4.35        | 97.31       | 70.14       | 5.04        | 4.89          | 0.228     | 76.25          | 10.39          | 4.75             | 82.09            | 62.16            | 18.38            | 17.44              | 0.562          | 52.86    | 30.61    | 3.45       | 59.06      | 58.05      | 33.66      | 24.79        | 0.936   
Judge l32-3bi: reasoning + confidence (approx.) | 82.32    | 6.12     | 5.67       | 89.18      | 68.50      | 13.99      | 13.64        | 0.450    | 88.80     | 4.71      | 3.91        | 94.61       | 73.44       | 9.29        | 9.25          | 0.325     | 95.11     | 5.97      | 9.48        | 96.98       | 70.97       | 5.00        | 5.50          | 0.289     | 76.25          | 10.68          | 4.84             | 80.71            | 58.86            | 18.74            | 17.91              | 0.638          | 52.86    | 30.84    | 9.81       | 58.28      | 57.32      | 33.90      | 25.31        | 1.132   
CAGE-CAL (IID + BetaSB)                         | 82.32    | 6.85     | --         | 92.12      | 75.80      | 13.40      | --           | 0.430    | 88.80     | 2.19      | --          | 95.94       | 78.76       | 8.75        | --            | 0.302     | 95.11     | 1.50      | --          | 98.96       | 88.62       | 3.63        | --            | 0.136     | 76.25          | 6.72           | --               | 90.98            | 80.06            | 14.97            | --                 | 0.461          | 52.86    | 8.17     | --         | 59.68      | 55.81      | 25.08      | --           | 0.697   
