Voting protocol / cons / size_2 / absolute
Acc, ECE, t-ECE, AUARC, AUROC, Brier and t-Brier are x100; NLL is unscaled in nats.
Each model group has equal weight; the overall table averages groups, not size-table averages.
Delta = method minus its own group's reference before averaging: negative ECE/Brier/NLL and positive Acc/AUARC/AUROC are improvements.
Panel counts are in the matching coverage table; -- means unavailable. Partial rows use different groups.
All present methods and solo models use the same scored questions within each group and estimator.
Judge rows marked approximate reuse old scores, including changed targets; rerun before publication.
CAGE-CAL uses the IID voting adaptation and ensemble scores across training seeds; Dataset-specific BetaSB identity fallbacks are recorded in manifest.json.

Method                                          | CSQA Acc | CSQA ECE | CSQA t-ECE | CSQA AUARC | CSQA AUARC (same answer) | CSQA AUROC | CSQA Brier | CSQA t-Brier | CSQA NLL | BoolQ Acc | BoolQ ECE | BoolQ t-ECE | BoolQ AUARC | BoolQ AUARC (same answer) | BoolQ AUROC | BoolQ Brier | BoolQ t-Brier | BoolQ NLL | GSM8K Acc | GSM8K ECE | GSM8K t-ECE | GSM8K AUARC | GSM8K AUARC (same answer) | GSM8K AUROC | GSM8K Brier | GSM8K t-Brier | GSM8K NLL | TruthfulQA Acc | TruthfulQA ECE | TruthfulQA t-ECE | TruthfulQA AUARC | TruthfulQA AUARC (same answer) | TruthfulQA AUROC | TruthfulQA Brier | TruthfulQA t-Brier | TruthfulQA NLL | GPQA Acc | GPQA ECE | GPQA t-ECE | GPQA AUARC | GPQA AUARC (same answer) | GPQA AUROC | GPQA Brier | GPQA t-Brier | GPQA NLL
------------------------------------------------+----------+----------+------------+------------+--------------------------+------------+------------+--------------+----------+-----------+-----------+-------------+-------------+---------------------------+-------------+-------------+---------------+-----------+-----------+-----------+-------------+-------------+---------------------------+-------------+-------------+---------------+-----------+----------------+----------------+------------------+------------------+--------------------------------+------------------+------------------+--------------------+----------------+----------+----------+------------+------------+--------------------------+------------+------------+--------------+---------
Solo reference                                  | 78.03    | 7.21     | 4.00       | 85.47      | 85.91                    | 69.69      | 15.12      | 14.74        | 0.484    | 87.78     | 1.75      | 1.84        | 91.47       | 91.72                     | 66.51       | 9.43        | 9.42          | 0.330     | 91.96     | 6.56      | 2.10        | 97.25       | 97.54                     | 82.12       | 4.88        | 4.64          | 0.201     | 74.96          | 8.45           | 6.32             | 85.27            | 85.90                          | 74.10            | 15.73            | 15.26              | 0.494          | 45.94    | 23.77    | 9.01       | 51.50      | 50.63                    | 58.50      | 31.13      | 25.17        | 0.905   
Arithmetic mean                                 | 80.01    | 3.44     | 3.17       | 90.31      | 90.31                    | 76.77      | 13.18      | 13.16        | 0.419    | 88.45     | 3.57      | 1.70        | 93.89       | 93.89                     | 73.79       | 9.03        | 8.95          | 0.314     | 93.78     | 9.04      | 2.20        | 98.67       | 98.67                     | 89.18       | 4.70        | 3.98          | 0.197     | 75.79          | 5.60           | 5.74             | 89.55            | 89.55                          | 78.93            | 14.61            | 14.65              | 0.448          | 44.33    | 17.84    | 11.05      | 53.65      | 53.65                    | 63.18      | 26.48      | 24.46        | 0.751   
Log-odds sum                                    | 80.01    | 10.53    | 3.44       | 90.33      | 90.33                    | 76.87      | 14.51      | 13.20        | 0.531    | 88.45     | 7.03      | 2.29        | 93.90       | 93.90                     | 73.86       | 9.61        | 8.96          | 0.380     | 93.78     | 2.07      | 1.86        | 98.68       | 98.68                     | 89.25       | 3.99        | 3.95          | 0.147     | 75.79          | 11.82          | 6.21             | 89.64            | 89.64                          | 79.25            | 16.12            | 14.61              | 0.548          | 44.33    | 26.96    | 10.93      | 53.54      | 53.54                    | 62.72      | 31.33      | 24.55        | 1.038   
Log-odds mean                                   | 80.01    | 3.52     | 3.44       | 90.33      | 90.33                    | 76.87      | 13.21      | 13.20        | 0.420    | 88.45     | 3.46      | 2.29        | 93.90       | 93.90                     | 73.86       | 9.00        | 8.96          | 0.313     | 93.78     | 8.55      | 1.86        | 98.68       | 98.68                     | 89.25       | 4.52        | 3.95          | 0.192     | 75.79          | 5.72           | 6.21             | 89.64            | 89.64                          | 79.25            | 14.60            | 14.61              | 0.449          | 44.33    | 19.48    | 10.77      | 53.54      | 53.54                    | 62.72      | 27.19      | 24.54        | 0.769   
Shared rho                                      | 80.01    | 10.07    | 3.44       | 90.33      | 90.33                    | 76.87      | 14.40      | 13.20        | 0.519    | 88.45     | 6.86      | 2.29        | 93.90       | 93.90                     | 73.86       | 9.57        | 8.96          | 0.373     | 93.78     | 2.85      | 1.83        | 98.68       | 98.68                     | 89.25       | 3.97        | 3.95          | 0.149     | 75.79          | 11.37          | 6.21             | 89.64            | 89.64                          | 79.25            | 16.01            | 14.61              | 0.537          | 44.33    | 26.48    | 10.93      | 53.54      | 53.54                    | 62.72      | 31.14      | 24.55        | 1.017   
Shared scale                                    | 80.01    | 3.44     | 3.44       | 90.33      | 90.33                    | 76.87      | 13.20      | 13.20        | 0.419    | 88.45     | 2.29      | 2.29        | 93.90       | 93.90                     | 73.86       | 8.96        | 8.96          | 0.309     | 93.78     | 1.83      | 1.83        | 98.68       | 98.68                     | 89.25       | 3.95        | 3.95          | 0.146     | 75.79          | 6.21           | 6.21             | 89.64            | 89.64                          | 79.25            | 14.61            | 14.61              | 0.453          | 44.33    | 10.77    | 10.77      | 53.54      | 53.54                    | 62.72      | 24.54      | 24.54        | 0.685   
Kahn (full covariance)                          | 80.01    | 6.58     | 5.26       | 90.30      | 90.30                    | 76.71      | 13.80      | 13.48        | 0.441    | 88.45     | 4.37      | 3.41        | 93.96       | 93.96                     | 74.33       | 9.35        | 9.18          | 0.328     | 93.78     | 4.76      | 4.51        | 98.67       | 98.67                     | 89.15       | 5.18        | 4.73          | 0.259     | 75.79          | 7.07           | 6.51             | 88.27            | 88.27                          | 78.37            | 14.59            | 14.44              | 0.461          | 44.33    | 10.26    | 9.64       | 51.06      | 51.06                    | 60.76      | 24.06      | 23.94        | 0.676   
Weighted BLP                                    | 80.01    | 4.33     | 4.33       | 90.35      | 90.35                    | 76.91      | 13.27      | 13.27        | 0.420    | 88.45     | 1.81      | 1.82        | 93.95       | 93.95                     | 74.25       | 8.82        | 8.82          | 0.306     | 93.78     | 1.49      | 1.46        | 98.67       | 98.67                     | 89.19       | 3.82        | 3.82          | 0.141     | 75.79          | 5.89           | 5.92             | 89.11            | 89.11                          | 79.30            | 14.31            | 14.31              | 0.448          | 44.33    | 10.47    | 10.49      | 52.12      | 52.12                    | 61.66      | 24.12      | 24.12        | 0.677   
Regularized logistic pooling                    | 80.01    | 5.09     | 5.12       | 90.31      | 90.31                    | 76.75      | 13.30      | 13.31        | 0.422    | 88.45     | 2.33      | 2.31        | 93.95       | 93.95                     | 74.25       | 8.87        | 8.87          | 0.308     | 93.78     | 1.68      | 1.59        | 98.68       | 98.68                     | 89.27       | 3.79        | 3.79          | 0.141     | 75.79          | 6.02           | 6.18             | 88.27            | 88.27                          | 78.40            | 14.39            | 14.39              | 0.452          | 44.33    | 9.80     | 10.01      | 53.26      | 53.26                    | 62.44      | 23.93      | 24.02        | 0.672   
Equal-weight BLP                                | 80.01    | 3.72     | 3.72       | 90.31      | 90.31                    | 76.77      | 13.21      | 13.21        | 0.418    | 88.45     | 1.62      | 1.63        | 93.89       | 93.89                     | 73.79       | 8.93        | 8.93          | 0.308     | 93.78     | 1.50      | 1.49        | 98.67       | 98.67                     | 89.18       | 3.84        | 3.84          | 0.141     | 75.79          | 6.03           | 6.07             | 89.55            | 89.55                          | 78.93            | 14.72            | 14.73              | 0.454          | 44.33    | 9.73     | 9.30       | 53.65      | 53.65                    | 63.18      | 23.64      | 23.64        | 0.666   
Kahn (diagonal covariance)                      | 80.01    | 6.74     | 5.21       | 90.31      | 90.31                    | 76.76      | 13.84      | 13.49        | 0.443    | 88.45     | 4.18      | 3.33        | 93.96       | 93.96                     | 74.34       | 9.32        | 9.15          | 0.326     | 93.78     | 5.20      | 5.33        | 98.67       | 98.67                     | 89.20       | 5.56        | 4.96          | 0.308     | 75.79          | 6.98           | 6.69             | 90.07            | 90.07                          | 80.92            | 14.48            | 14.34              | 0.457          | 44.33    | 10.27    | 9.64       | 51.06      | 51.06                    | 60.76      | 24.06      | 23.94        | 0.676   
Judge g3-27i: reasoning (approx.)               | 80.01    | 13.80    | 3.82       | 88.85      | 88.85                    | 72.42      | 16.27      | 14.19        | 1.058    | 88.45     | 9.28      | 3.17        | 92.16       | 92.16                     | 66.75       | 10.49       | 9.73          | 0.980     | 93.78     | 4.90      | 1.10        | 96.70       | 96.70                     | 73.59       | 5.29        | 4.79          | 0.469     | 75.79          | 15.01          | 5.04             | 86.97            | 86.97                          | 75.03            | 17.54            | 15.91              | 1.079          | 44.33    | 38.76    | 12.20      | 53.50      | 53.50                    | 61.29      | 38.62      | 25.11        | 1.660   
Judge g3-27i: reasoning + confidence (approx.)  | 80.01    | 12.58    | 4.80       | 90.36      | 90.36                    | 75.14      | 15.65      | 13.99        | 0.787    | 88.45     | 8.28      | 3.13        | 93.89       | 93.89                     | 73.44       | 9.90        | 9.29          | 0.728     | 93.78     | 3.69      | 3.08        | 98.34       | 98.34                     | 85.85       | 4.73        | 4.64          | 0.256     | 75.79          | 14.59          | 5.48             | 88.53            | 88.53                          | 77.30            | 17.39            | 16.10              | 0.794          | 44.33    | 38.18    | 14.20      | 54.25      | 54.25                    | 62.52      | 37.30      | 25.64        | 1.316   
Judge l32-3bi: reasoning (approx.)              | 80.01    | 8.29     | 4.97       | 84.96      | 84.96                    | 63.24      | 16.00      | 15.40        | 0.506    | 88.45     | 3.10      | 2.61        | 91.49       | 91.49                     | 63.05       | 10.03       | 10.02         | 0.348     | 93.78     | 7.31      | 5.55        | 97.15       | 97.15                     | 74.30       | 6.40        | 6.28          | 0.255     | 75.79          | 10.26          | 4.73             | 81.61            | 81.61                          | 62.06            | 18.44            | 17.61              | 0.572          | 44.33    | 39.17    | 10.37      | 53.31      | 53.31                    | 61.72      | 38.83      | 25.33        | 1.127   
Judge l32-3bi: reasoning + confidence (approx.) | 80.01    | 7.70     | 8.00       | 88.47      | 88.47                    | 70.17      | 15.42      | 15.04        | 0.557    | 88.45     | 6.69      | 7.11        | 93.31       | 93.31                     | 67.19       | 11.19       | 11.21         | 0.401     | 93.78     | 6.39      | 5.44        | 97.55       | 97.55                     | 76.88       | 5.93        | 5.84          | 0.248     | 75.79          | 10.37          | 11.04            | 82.64            | 82.64                          | 63.71            | 18.64            | 19.24              | 0.676          | 44.33    | 40.33    | 9.93       | 52.74      | 52.74                    | 60.54      | 39.75      | 25.45        | 1.378   
CAGE-CAL (IID)                                  | 80.01    | 1.79     | 7.38       | 86.38      | 86.38                    | 66.73      | 14.57      | 15.09        | 0.461    | 88.45     | 3.75      | 2.41        | 94.50       | 94.50                     | 72.05       | 9.70        | 9.66          | 0.337     | 93.78     | 4.41      | 3.29        | 98.07       | 98.07                     | 82.56       | 4.89        | 4.99          | 0.191     | 75.79          | 1.61           | 2.52             | 82.58            | 82.58                          | 67.21            | 16.57            | 16.60              | 0.509          | 44.33    | 21.50    | 17.27      | 52.86      | 52.86                    | 62.82      | 28.16      | 26.69        | 0.774   
CAGE-CAL (IID + BetaSB)                         | 80.01    | 9.08     | --         | 86.38      | 86.38                    | 66.73      | 15.38      | --           | 0.506    | 88.45     | 1.02      | --          | 94.50       | 94.50                     | 72.05       | 9.60        | --            | 0.334     | 93.78     | 1.98      | --          | 98.07       | 98.07                     | 82.56       | 4.75        | --            | 0.183     | 75.79          | 1.61           | --               | 82.58            | 82.58                          | 67.21            | 16.57            | --                 | 0.509          | 44.33    | 21.50    | --         | 52.86      | 52.86                    | 62.82      | 28.16      | --           | 0.774   
