Voting protocol / cons / size_6 / absolute
Acc, ECE, t-ECE, AUARC, AUROC, Brier and t-Brier are x100; NLL is unscaled in nats.
Each model group has equal weight; the overall table averages groups, not size-table averages.
Delta = method minus its own group's reference before averaging: negative ECE/Brier/NLL and positive Acc/AUARC/AUROC are improvements.
Panel counts are in the matching coverage table; -- means unavailable. Partial rows use different groups.
All present methods and solo models use the same scored questions within each group and estimator.
Judge rows marked approximate reuse old scores, including changed targets; rerun before publication.
CAGE-CAL uses the IID voting adaptation and ensemble scores across training seeds; Dataset-specific BetaSB identity fallbacks are recorded in manifest.json.

Method                                          | CSQA Acc | CSQA ECE | CSQA t-ECE | CSQA AUARC | CSQA AUARC (same answer) | CSQA AUROC | CSQA Brier | CSQA t-Brier | CSQA NLL | BoolQ Acc | BoolQ ECE | BoolQ t-ECE | BoolQ AUARC | BoolQ AUARC (same answer) | BoolQ AUROC | BoolQ Brier | BoolQ t-Brier | BoolQ NLL | GSM8K Acc | GSM8K ECE | GSM8K t-ECE | GSM8K AUARC | GSM8K AUARC (same answer) | GSM8K AUROC | GSM8K Brier | GSM8K t-Brier | GSM8K NLL | TruthfulQA Acc | TruthfulQA ECE | TruthfulQA t-ECE | TruthfulQA AUARC | TruthfulQA AUARC (same answer) | TruthfulQA AUROC | TruthfulQA Brier | TruthfulQA t-Brier | TruthfulQA NLL | GPQA Acc | GPQA ECE | GPQA t-ECE | GPQA AUARC | GPQA AUARC (same answer) | GPQA AUROC | GPQA Brier | GPQA t-Brier | GPQA NLL
------------------------------------------------+----------+----------+------------+------------+--------------------------+------------+------------+--------------+----------+-----------+-----------+-------------+-------------+---------------------------+-------------+-------------+---------------+-----------+-----------+-----------+-------------+-------------+---------------------------+-------------+-------------+---------------+-----------+----------------+----------------+------------------+------------------+--------------------------------+------------------+------------------+--------------------+----------------+----------+----------+------------+------------+--------------------------+------------+------------+--------------+---------
Solo reference                                  | 78.66    | 7.21     | 4.12       | 85.80      | 87.53                    | 68.96      | 15.46      | 15.12        | 0.492    | 88.45     | 2.13      | 2.68        | 92.40       | 93.42                     | 68.47       | 8.79        | 8.79          | 0.311     | 93.85     | 5.40      | 0.99        | 96.66       | 97.97                     | 73.84       | 4.49        | 4.28          | 0.193     | 75.36          | 7.88           | 4.54             | 85.81            | 86.88                          | 74.71            | 15.37            | 14.93              | 0.483          | 46.67    | 22.82    | 15.15      | 56.65      | 59.19                    | 66.67      | 27.29      | 24.71        | 0.797   
Arithmetic mean                                 | 81.97    | 6.11     | 1.86       | 93.79      | 93.79                    | 81.68      | 11.95      | 11.67        | 0.386    | 89.42     | 6.42      | 1.31        | 96.10       | 96.10                     | 79.89       | 8.52        | 8.14          | 0.302     | 95.44     | 12.00     | 3.12        | 99.42       | 99.42                     | 92.26       | 4.79        | 3.58          | 0.205     | 75.83          | 6.66           | 5.12             | 92.94            | 92.94                          | 85.74            | 13.18            | 12.82              | 0.415          | 53.90    | 9.46     | 7.28       | 61.33      | 61.33                    | 57.76      | 25.05      | 24.61        | 0.695   
Log-odds sum                                    | 81.97    | 13.51    | 3.16       | 93.82      | 93.82                    | 81.79      | 14.59      | 11.71        | 0.935    | 89.42     | 9.35      | 2.32        | 96.13       | 96.13                     | 80.14       | 9.78        | 8.18          | 0.775     | 95.44     | 3.95      | 2.88        | 99.42       | 99.42                     | 92.37       | 4.00        | 3.53          | 0.238     | 75.83          | 15.16          | 6.05             | 93.09            | 93.09                          | 86.24            | 16.44            | 12.71              | 0.825          | 53.90    | 37.35    | 7.74       | 60.34      | 60.34                    | 57.27      | 38.52      | 24.91        | 1.932   
Log-odds mean                                   | 81.97    | 4.48     | 2.69       | 93.82      | 93.82                    | 81.79      | 11.78      | 11.70        | 0.381    | 89.42     | 5.02      | 2.39        | 96.13       | 96.13                     | 80.14       | 8.32        | 8.17          | 0.295     | 95.44     | 10.87     | 2.89        | 99.42       | 99.42                     | 92.37       | 4.40        | 3.53          | 0.193     | 75.83          | 5.79           | 5.91             | 93.09            | 93.09                          | 86.24            | 12.79            | 12.69              | 0.403          | 53.90    | 14.22    | 7.74       | 60.34      | 60.34                    | 57.27      | 26.00      | 24.91        | 0.719   
Shared rho                                      | 81.97    | 9.48     | 2.69       | 93.82      | 93.82                    | 81.79      | 12.97      | 11.70        | 0.481    | 89.42     | 7.94      | 2.39        | 96.13       | 96.13                     | 80.14       | 9.22        | 8.17          | 0.437     | 95.44     | 2.68      | 2.89        | 99.42       | 99.42                     | 92.37       | 3.54        | 3.53          | 0.128     | 75.83          | 10.74          | 5.91             | 93.09            | 93.09                          | 86.24            | 14.30            | 12.69              | 0.473          | 53.90    | 30.52    | 7.74       | 60.34      | 60.34                    | 57.27      | 34.35      | 24.91        | 1.179   
Shared scale                                    | 81.97    | 2.69     | 2.69       | 93.82      | 93.82                    | 81.79      | 11.70      | 11.70        | 0.374    | 89.42     | 2.39      | 2.39        | 96.13       | 96.13                     | 80.14       | 8.17        | 8.17          | 0.281     | 95.44     | 2.89      | 2.89        | 99.42       | 99.42                     | 92.37       | 3.53        | 3.53          | 0.128     | 75.83          | 5.91           | 5.91             | 93.09            | 93.09                          | 86.24            | 12.69            | 12.69              | 0.397          | 53.90    | 7.74     | 7.74       | 60.34      | 60.34                    | 57.27      | 24.91      | 24.91        | 0.692   
Kahn (full covariance)                          | 81.97    | 6.30     | 6.21       | 93.73      | 93.73                    | 81.28      | 12.76      | 12.47        | 0.403    | 89.42     | 5.18      | 3.64        | 96.21       | 96.21                     | 81.34       | 8.76        | 8.45          | 0.309     | 95.44     | 4.98      | 4.42        | 98.97       | 98.97                     | 90.07       | 4.94        | 4.32          | 0.283     | 75.83          | 6.64           | 7.02             | 93.02            | 93.02                          | 87.13            | 12.74            | 12.46              | 0.407          | 53.90    | 12.90    | 8.42       | 63.80      | 63.80                    | 65.97      | 23.76      | 23.28        | 0.680   
Weighted BLP                                    | 81.97    | 3.11     | 3.09       | 93.75      | 93.75                    | 81.29      | 11.96      | 11.96        | 0.379    | 89.42     | 1.43      | 1.44        | 96.28       | 96.28                     | 81.33       | 7.90        | 7.90          | 0.272     | 95.44     | 0.98      | 0.95        | 99.43       | 99.43                     | 92.45       | 3.00        | 3.00          | 0.112     | 75.83          | 6.64           | 6.71             | 93.60            | 93.60                          | 87.88            | 12.22            | 12.22              | 0.380          | 53.90    | 7.90     | 7.92       | 61.57      | 61.57                    | 64.16      | 23.71      | 23.72        | 0.672   
Regularized logistic pooling                    | 81.97    | 4.61     | 4.61       | 93.79      | 93.79                    | 81.57      | 11.98      | 11.98        | 0.381    | 89.42     | 1.79      | 1.71        | 96.29       | 96.29                     | 81.41       | 7.99        | 7.99          | 0.275     | 95.44     | 0.93      | 0.93        | 99.44       | 99.44                     | 92.16       | 3.02        | 3.02          | 0.115     | 75.83          | 6.55           | 6.15             | 92.52            | 92.52                          | 86.06            | 12.64            | 12.65              | 0.402          | 53.90    | 10.74    | 13.08      | 65.23      | 65.23                    | 66.37      | 23.15      | 23.27        | 0.660   
Equal-weight BLP                                | 81.97    | 1.38     | 1.40       | 93.79      | 93.79                    | 81.68      | 11.62      | 11.62        | 0.370    | 89.42     | 1.13      | 1.12        | 96.10       | 96.10                     | 79.89       | 8.13        | 8.13          | 0.278     | 95.44     | 1.03      | 1.08        | 99.42       | 99.42                     | 92.26       | 3.06        | 3.06          | 0.113     | 75.83          | 4.99           | 5.09             | 92.94            | 92.94                          | 85.74            | 12.78            | 12.79              | 0.395          | 53.90    | 7.76     | 7.75       | 61.33      | 61.33                    | 57.76      | 24.66      | 24.66        | 0.686   
Kahn (diagonal covariance)                      | 81.97    | 13.60    | 11.43      | 93.83      | 93.83                    | 81.76      | 15.88      | 14.06        | 0.584    | 89.42     | 8.80      | 7.69        | 96.27       | 96.27                     | 81.34       | 10.42       | 9.55          | 0.426     | 95.44     | 6.73      | 8.40        | 99.44       | 99.44                     | 92.67       | 6.57        | 5.59          | 0.593     | 75.83          | 8.77           | 9.68             | 93.72            | 93.72                          | 88.36            | 13.55            | 12.64              | 0.459          | 53.90    | 16.29    | 7.92       | 63.80      | 63.80                    | 65.16      | 25.22      | 23.57        | 0.730   
Judge g3-27i: reasoning (approx.)               | 81.97    | 12.87    | 4.51       | 90.60      | 90.60                    | 73.85      | 14.94      | 13.10        | 0.909    | 89.42     | 8.53      | 3.39        | 93.72       | 93.72                     | 70.35       | 9.65        | 9.06          | 0.772     | 95.44     | 3.45      | 1.96        | 98.20       | 98.20                     | 79.99       | 3.93        | 3.69          | 0.279     | 75.83          | 14.26          | 4.73             | 88.56            | 88.56                          | 77.39            | 17.16            | 15.41              | 0.854          | 53.90    | 29.98    | 9.64       | 60.66      | 60.66                    | 58.59      | 33.16      | 25.55        | 1.308   
Judge g3-27i: reasoning + confidence (approx.)  | 81.97    | 10.96    | 5.49       | 92.31      | 92.31                    | 77.11      | 14.10      | 12.97        | 0.616    | 89.42     | 6.89      | 4.80        | 94.95       | 94.95                     | 75.09       | 9.04        | 8.97          | 0.575     | 95.44     | 2.01      | 3.97        | 98.96       | 98.96                     | 87.04       | 3.59        | 4.02          | 0.174     | 75.83          | 14.51          | 8.65             | 91.46            | 91.46                          | 82.45            | 16.79            | 14.85              | 0.556          | 53.90    | 28.53    | 6.12       | 59.41      | 59.41                    | 55.98      | 32.46      | 25.10        | 1.040   
Judge l32-3bi: reasoning (approx.)              | 81.97    | 6.55     | 2.32       | 85.55      | 85.55                    | 59.78      | 14.68      | 14.29        | 0.472    | 89.42     | 4.95      | 4.03        | 93.89       | 93.89                     | 69.80       | 9.08        | 9.06          | 0.318     | 95.44     | 5.62      | 3.57        | 97.50       | 97.50                     | 69.55       | 4.55        | 4.33          | 0.215     | 75.83          | 10.63          | 4.44             | 81.99            | 81.99                          | 62.28            | 18.67            | 17.60              | 0.569          | 53.90    | 29.41    | 1.25       | 62.07      | 62.07                    | 59.49      | 32.77      | 24.70        | 0.904   
Judge l32-3bi: reasoning + confidence (approx.) | 81.97    | 6.90     | 5.18       | 88.04      | 88.04                    | 66.19      | 14.47      | 14.05        | 0.484    | 89.42     | 4.28      | 3.45        | 94.41       | 94.41                     | 71.26       | 9.06        | 8.99          | 0.325     | 95.44     | 5.13      | 6.26        | 97.77       | 97.77                     | 72.22       | 4.61        | 4.72          | 0.234     | 75.83          | 10.85          | 9.91             | 81.34            | 81.34                          | 60.88            | 18.95            | 18.79              | 0.628          | 53.90    | 28.29    | 4.57       | 59.43      | 59.43                    | 56.76      | 32.34      | 24.87        | 1.012   
CAGE-CAL (IID)                                  | 81.97    | 3.32     | 5.16       | 92.44      | 92.44                    | 77.34      | 12.74      | 12.92        | 0.407    | 89.42     | 2.93      | 1.32        | 96.18       | 96.18                     | 77.92       | 8.54        | 8.50          | 0.299     | 95.44     | 4.20      | 2.26        | 99.01       | 99.01                     | 88.15       | 3.66        | 3.76          | 0.152     | 75.83          | 6.91           | 7.69             | 91.06            | 91.06                          | 80.66            | 14.95            | 15.31              | 0.460          | 53.90    | 8.10     | 18.06      | 59.33      | 59.33                    | 55.01      | 25.53      | 29.09        | 0.708   
CAGE-CAL (IID + BetaSB)                         | 81.97    | 6.79     | --         | 92.44      | 92.44                    | 77.34      | 13.35      | --           | 0.425    | 89.42     | 1.35      | --          | 96.18       | 96.18                     | 77.92       | 8.50        | --            | 0.295     | 95.44     | 1.75      | --          | 99.01       | 99.01                     | 88.15       | 3.52        | --            | 0.133     | 75.83          | 6.91           | --               | 91.06            | 91.06                          | 80.66            | 14.95            | --                 | 0.460          | 53.90    | 8.10     | --         | 59.33      | 59.33                    | 55.01      | 25.53      | --           | 0.708   
