Voting protocol / seq / all / absolute
Acc, ECE, t-ECE, AUARC, AUROC, Brier and t-Brier are x100; NLL is unscaled in nats.
Each model group has equal weight; the overall table averages groups, not size-table averages.
Delta = method minus its own group's reference before averaging: negative ECE/Brier/NLL and positive Acc/AUARC/AUROC are improvements.
Panel counts are in the matching coverage table; -- means unavailable. Partial rows use different groups.
All present methods and solo models use the same scored questions within each group and estimator.
Judge rows marked approximate reuse old scores, including changed targets; rerun before publication.
CAGE-CAL uses the IID voting adaptation and ensemble scores across training seeds; Dataset-specific BetaSB identity fallbacks are recorded in manifest.json.

Method                                          | CSQA Acc | CSQA ECE | CSQA t-ECE | CSQA AUARC | CSQA AUROC | CSQA Brier | CSQA t-Brier | CSQA NLL | BoolQ Acc | BoolQ ECE | BoolQ t-ECE | BoolQ AUARC | BoolQ AUROC | BoolQ Brier | BoolQ t-Brier | BoolQ NLL | GSM8K Acc | GSM8K ECE | GSM8K t-ECE | GSM8K AUARC | GSM8K AUROC | GSM8K Brier | GSM8K t-Brier | GSM8K NLL | TruthfulQA Acc | TruthfulQA ECE | TruthfulQA t-ECE | TruthfulQA AUARC | TruthfulQA AUROC | TruthfulQA Brier | TruthfulQA t-Brier | TruthfulQA NLL | GPQA Acc | GPQA ECE | GPQA t-ECE | GPQA AUARC | GPQA AUROC | GPQA Brier | GPQA t-Brier | GPQA NLL
------------------------------------------------+----------+----------+------------+------------+------------+------------+--------------+----------+-----------+-----------+-------------+-------------+-------------+-------------+---------------+-----------+-----------+-----------+-------------+-------------+-------------+-------------+---------------+-----------+----------------+----------------+------------------+------------------+------------------+------------------+--------------------+----------------+----------+----------+------------+------------+------------+------------+--------------+---------
Solo reference                                  | 78.02    | 16.49    | 6.16       | 90.23      | 77.26      | 18.07      | 14.98        | 0.783    | 88.02     | 10.08     | 3.79        | 95.27       | 79.08       | 10.62       | 9.14          | 0.614     | 93.36     | 22.03     | 22.98       | 98.60       | 86.13       | 19.68       | 13.74         | 0.900     | 75.21          | 19.28          | 11.43            | 91.52            | 83.41            | 19.82            | 15.13              | 0.906          | 46.50    | 34.77    | 9.40       | 54.77      | 57.21      | 36.14      | 25.06        | 1.461   
Arithmetic mean                                 | 81.13    | 6.97     | 6.35       | 93.01      | 79.38      | 13.55      | 13.34        | 0.434    | 88.71     | 5.76      | 4.28        | 95.77       | 78.71       | 9.21        | 9.09          | 0.374     | 94.65     | 23.85     | 23.95       | 98.92       | 86.50       | 18.44       | 14.10         | 0.598     | 75.40          | 8.36           | 9.21             | 91.41            | 82.24            | 14.98            | 15.01              | 0.488          | 48.12    | 19.68    | 6.58       | 56.79      | 57.57      | 27.75      | 24.56        | 0.802   
Log-odds sum                                    | 81.13    | 16.36    | 5.98       | 93.35      | 80.41      | 17.11      | 13.41        | 1.219    | 88.71     | 10.70     | 3.49        | 95.64       | 78.85       | 10.94       | 9.15          | 1.045     | 94.65     | 25.51     | 29.93       | 98.82       | 86.17       | 24.21       | 16.57         | 1.903     | 75.40          | 17.55          | 9.60             | 92.24            | 84.43            | 18.12            | 14.23              | 1.298          | 48.12    | 39.64    | 8.76       | 57.48      | 57.97      | 39.50      | 24.45        | 2.290   
Log-odds mean                                   | 81.13    | 10.32    | 5.46       | 93.35      | 80.41      | 14.36      | 13.11        | 0.486    | 88.71     | 8.19      | 2.69        | 95.64       | 78.85       | 9.81        | 8.88          | 0.420     | 94.65     | 23.82     | 26.88       | 98.82       | 86.17       | 20.01       | 15.25         | 0.693     | 75.40          | 11.11          | 8.19             | 92.24            | 84.43            | 15.33            | 13.94              | 0.533          | 48.12    | 25.85    | 7.10       | 57.48      | 57.97      | 30.42      | 24.41        | 0.911   
Shared rho                                      | 81.13    | 14.07    | 5.46       | 93.35      | 80.41      | 15.89      | 13.11        | 0.722    | 88.71     | 9.87      | 2.69        | 95.64       | 78.85       | 10.47       | 8.88          | 0.678     | 94.65     | 24.03     | 26.88       | 98.82       | 86.17       | 20.63       | 15.25         | 0.763     | 75.40          | 15.32          | 8.19             | 92.24            | 84.43            | 16.96            | 13.95              | 0.827          | 48.12    | 35.97    | 8.01       | 57.48      | 57.97      | 36.59      | 24.35        | 1.513   
Shared scale                                    | 81.13    | 5.46     | 5.46       | 93.35      | 80.41      | 13.11      | 13.11        | 0.407    | 88.71     | 2.69      | 2.69        | 95.64       | 78.85       | 8.88        | 8.88          | 0.302     | 94.65     | 26.88     | 26.88       | 98.82       | 86.17       | 15.25       | 15.25         | 0.453     | 75.40          | 8.19           | 8.19             | 92.24            | 84.43            | 13.94            | 13.94              | 0.434          | 48.12    | 7.07     | 7.07       | 57.48      | 57.97      | 24.46      | 24.46        | 0.682   
Kahn (full covariance)                          | 81.13    | 5.51     | 4.87       | 93.32      | 80.51      | 13.05      | 12.83        | 0.409    | 88.71     | 4.66      | 3.35        | 95.79       | 79.78       | 9.09        | 8.90          | 0.312     | 94.65     | 1.97      | 1.79        | 98.69       | 85.25       | 4.39        | 4.39          | 0.162     | 75.40          | 9.60           | 9.32             | 92.47            | 85.35            | 14.40            | 14.06              | 0.442          | 48.12    | 13.58    | 15.67      | 51.12      | 54.49      | 26.45      | 27.00        | 0.731   
Weighted BLP                                    | 81.13    | 3.84     | 3.89       | 93.12      | 79.43      | 12.80      | 12.80        | 0.400    | 88.71     | 1.16      | 1.15        | 96.04       | 80.01       | 8.46        | 8.46          | 0.289     | 94.65     | 2.09      | 1.85        | 98.91       | 86.32       | 4.34        | 4.33          | 0.161     | 75.40          | 8.12           | 8.23             | 92.37            | 84.71            | 13.92            | 13.91              | 0.423          | 48.12    | 10.05    | 9.82       | 56.14      | 58.26      | 24.86      | 24.84        | 0.691   
Regularized logistic pooling                    | 81.13    | 3.77     | 3.71       | 93.39      | 80.75      | 12.46      | 12.46        | 0.392    | 88.71     | 1.75      | 1.73        | 95.80       | 79.70       | 8.50        | 8.50          | 0.292     | 94.65     | 1.84      | 1.79        | 98.76       | 85.70       | 4.31        | 4.30          | 0.159     | 75.40          | 8.76           | 8.81             | 92.40            | 85.22            | 13.89            | 13.90              | 0.428          | 48.12    | 14.37    | 16.12      | 50.61      | 54.00      | 26.56      | 27.34        | 0.734   
Equal-weight BLP                                | 81.13    | 2.65     | 2.63       | 93.01      | 79.38      | 12.65      | 12.65        | 0.396    | 88.71     | 1.03      | 1.05        | 95.77       | 78.71       | 8.62        | 8.62          | 0.295     | 94.65     | 2.31      | 2.15        | 98.92       | 86.50       | 4.31        | 4.30          | 0.159     | 75.40          | 7.53           | 7.44             | 91.41            | 82.24            | 14.66            | 14.67              | 0.445          | 48.12    | 8.42     | 8.17       | 56.79      | 57.57      | 24.58      | 24.55        | 0.684   
Kahn (diagonal covariance)                      | 81.13    | 11.38    | 9.16       | 93.44      | 80.70      | 15.53      | 14.14        | 0.530    | 88.71     | 8.90      | 7.82        | 95.73       | 79.35       | 11.02       | 10.16         | 0.432     | 94.65     | 10.82     | 12.44       | 98.83       | 86.30       | 9.52        | 8.53          | 0.324     | 75.40          | 9.16           | 9.90             | 92.71            | 85.81            | 14.52            | 13.91              | 0.469          | 48.12    | 9.28     | 10.97      | 54.34      | 57.07      | 25.06      | 25.39        | 0.696   
Judge g3-27i: reasoning (approx.)               | 81.13    | 13.22    | 3.70       | 89.69      | 72.98      | 15.44      | 13.60        | 0.997    | 88.71     | 9.18      | 2.84        | 92.76       | 68.49       | 10.24       | 9.39          | 0.906     | 94.65     | 4.21      | 1.28        | 97.31       | 75.18       | 4.56        | 4.19          | 0.391     | 75.40          | 14.79          | 5.09             | 87.32            | 76.05            | 17.47            | 15.87              | 1.003          | 48.12    | 35.57    | 11.18      | 56.72      | 60.56      | 36.49      | 25.21        | 1.499   
Judge g3-27i: reasoning + confidence (approx.)  | 81.13    | 11.03    | 5.68       | 91.83      | 76.80      | 14.58      | 13.51        | 0.617    | 88.71     | 7.84      | 3.92        | 94.54       | 75.34       | 9.60        | 9.14          | 0.639     | 94.65     | 1.25      | 5.56        | 98.67       | 83.84       | 4.30        | 4.94          | 0.180     | 75.40          | 14.51          | 9.50             | 90.39            | 80.71            | 17.30            | 15.41              | 0.614          | 48.12    | 34.04    | 10.30      | 57.96      | 60.32      | 35.15      | 25.03        | 0.992   
Judge l32-3bi: reasoning (approx.)              | 81.13    | 7.17     | 3.71       | 85.44      | 62.03      | 15.18      | 14.73        | 0.485    | 88.71     | 3.90      | 3.22        | 92.57       | 66.56       | 9.66        | 9.65          | 0.335     | 94.65     | 6.43      | 4.95        | 97.18       | 70.72       | 5.51        | 5.40          | 0.238     | 75.40          | 10.91          | 4.75             | 81.48            | 62.24            | 18.90            | 17.84              | 0.579          | 48.12    | 35.65    | 6.25       | 55.01      | 58.52      | 36.89      | 25.09        | 1.040   
Judge l32-3bi: reasoning + confidence (approx.) | 81.13    | 6.94     | 4.58       | 86.59      | 64.38      | 15.08      | 14.69        | 0.496    | 88.71     | 5.60      | 4.71        | 93.65       | 68.45       | 10.27       | 10.22         | 0.356     | 94.65     | 5.93      | 5.04        | 96.79       | 69.38       | 5.45        | 5.34          | 0.273     | 75.40          | 11.67          | 7.86             | 80.60            | 59.86            | 19.40            | 18.91              | 0.657          | 48.12    | 36.65    | 7.58       | 56.24      | 59.66      | 37.48      | 25.09        | 1.179   
CAGE-CAL (IID + BetaSB)                         | 81.13    | 7.91     | --         | 89.74      | 72.40      | 14.32      | --           | 0.462    | 88.71     | 1.30      | --          | 95.12       | 75.09       | 9.12        | --            | 0.315     | 94.65     | 1.86      | --          | 98.63       | 86.06       | 4.11        | --            | 0.158     | 75.40          | 5.10           | --               | 87.18            | 74.76            | 15.80            | --                 | 0.484          | 48.12    | 14.65    | --         | 55.86      | 59.89      | 26.26      | --           | 0.728   
