Voting protocol / seq / size_3 / absolute
Acc, ECE, t-ECE, AUARC, AUROC, Brier and t-Brier are x100; NLL is unscaled in nats.
Each model group has equal weight; the overall table averages groups, not size-table averages.
Delta = method minus its own group's reference before averaging: negative ECE/Brier/NLL and positive Acc/AUARC/AUROC are improvements.
Panel counts are in the matching coverage table; -- means unavailable. Partial rows use different groups.
All present methods and solo models use the same scored questions within each group and estimator.
Judge rows marked approximate reuse old scores, including changed targets; rerun before publication.
CAGE-CAL uses the IID voting adaptation and ensemble scores across training seeds; Dataset-specific BetaSB identity fallbacks are recorded in manifest.json.

Method                                          | CSQA Acc | CSQA ECE | CSQA t-ECE | CSQA AUARC | CSQA AUROC | CSQA Brier | CSQA t-Brier | CSQA NLL | BoolQ Acc | BoolQ ECE | BoolQ t-ECE | BoolQ AUARC | BoolQ AUROC | BoolQ Brier | BoolQ t-Brier | BoolQ NLL | GSM8K Acc | GSM8K ECE | GSM8K t-ECE | GSM8K AUARC | GSM8K AUROC | GSM8K Brier | GSM8K t-Brier | GSM8K NLL | TruthfulQA Acc | TruthfulQA ECE | TruthfulQA t-ECE | TruthfulQA AUARC | TruthfulQA AUROC | TruthfulQA Brier | TruthfulQA t-Brier | TruthfulQA NLL | GPQA Acc | GPQA ECE | GPQA t-ECE | GPQA AUARC | GPQA AUROC | GPQA Brier | GPQA t-Brier | GPQA NLL
------------------------------------------------+----------+----------+------------+------------+------------+------------+--------------+----------+-----------+-----------+-------------+-------------+-------------+-------------+---------------+-----------+-----------+-----------+-------------+-------------+-------------+-------------+---------------+-----------+----------------+----------------+------------------+------------------+------------------+------------------+--------------------+----------------+----------+----------+------------+------------+------------+------------+--------------+---------
Solo reference                                  | 77.56    | 17.54    | 7.20       | 89.44      | 76.10      | 19.05      | 15.66        | 0.849    | 87.86     | 10.53     | 4.97        | 94.59       | 76.47       | 11.11       | 9.68          | 0.707     | 93.67     | 22.55     | 23.69       | 98.66       | 85.97       | 20.22       | 13.99         | 0.957     | 75.55          | 19.59          | 11.65            | 91.78            | 83.61            | 19.90            | 14.82              | 0.986          | 46.44    | 34.52    | 10.02      | 54.13      | 56.73      | 36.25      | 25.21        | 1.482   
Arithmetic mean                                 | 80.67    | 7.05     | 6.91       | 92.64      | 78.98      | 13.79      | 13.66        | 0.438    | 88.39     | 5.65      | 4.27        | 95.76       | 79.30       | 9.24        | 9.16          | 0.361     | 94.50     | 23.47     | 23.59       | 98.84       | 85.87       | 18.34       | 14.05         | 0.593     | 75.01          | 7.49           | 9.10             | 91.18            | 81.93            | 15.03            | 15.32              | 0.480          | 45.36    | 16.91    | 6.52       | 55.17      | 59.02      | 26.86      | 24.36        | 0.775   
Log-odds sum                                    | 80.67    | 16.35    | 5.88       | 93.09      | 80.29      | 17.24      | 13.44        | 1.151    | 88.39     | 10.79     | 3.90        | 95.61       | 79.37       | 11.04       | 9.18          | 1.043     | 94.50     | 25.30     | 29.36       | 98.74       | 85.39       | 23.92       | 16.29         | 1.777     | 75.01          | 17.89          | 8.68             | 92.04            | 84.24            | 18.50            | 14.36              | 1.296          | 45.36    | 37.95    | 6.33       | 55.31      | 58.97      | 38.19      | 24.17        | 2.029   
Log-odds mean                                   | 80.67    | 10.22    | 5.42       | 93.09      | 80.29      | 14.57      | 13.31        | 0.492    | 88.39     | 8.41      | 2.70        | 95.61       | 79.37       | 9.97        | 8.99          | 0.430     | 94.50     | 23.67     | 26.78       | 98.74       | 85.39       | 20.08       | 15.26         | 0.703     | 75.01          | 11.65          | 7.87             | 92.04            | 84.24            | 15.70            | 14.16              | 0.544          | 45.36    | 25.14    | 6.29       | 55.31      | 58.97      | 29.96      | 24.32        | 0.906   
Shared rho                                      | 80.67    | 14.19    | 5.42       | 93.09      | 80.29      | 16.14      | 13.31        | 0.730    | 88.39     | 10.00     | 2.70        | 95.61       | 79.37       | 10.61       | 8.99          | 0.691     | 94.50     | 23.90     | 26.78       | 98.74       | 85.39       | 20.70       | 15.26         | 0.777     | 75.01          | 16.12          | 7.87             | 92.04            | 84.24            | 17.48            | 14.16              | 0.869          | 45.36    | 34.25    | 6.24       | 55.31      | 58.97      | 35.57      | 24.24        | 1.440   
Shared scale                                    | 80.67    | 5.42     | 5.42       | 93.09      | 80.29      | 13.31      | 13.31        | 0.412    | 88.39     | 2.70      | 2.70        | 95.61       | 79.37       | 8.99        | 8.99          | 0.305     | 94.50     | 26.78     | 26.78       | 98.74       | 85.39       | 15.26       | 15.26         | 0.454     | 75.01          | 7.87           | 7.87             | 92.04            | 84.24            | 14.16            | 14.16              | 0.440          | 45.36    | 6.29     | 6.29       | 55.31      | 58.97      | 24.32      | 24.32        | 0.679   
Kahn (full covariance)                          | 80.67    | 6.02     | 5.39       | 93.28      | 80.71      | 13.40      | 13.13        | 0.416    | 88.39     | 4.51      | 2.91        | 95.64       | 79.50       | 9.20        | 9.01          | 0.315     | 94.50     | 1.97      | 1.90        | 98.73       | 85.02       | 4.66        | 4.65          | 0.169     | 75.01          | 9.04           | 9.12             | 92.24            | 85.37            | 14.32            | 14.05              | 0.444          | 45.36    | 13.02    | 14.11      | 48.00      | 55.26      | 26.10      | 26.35        | 0.723   
Weighted BLP                                    | 80.67    | 4.73     | 4.80       | 93.00      | 79.58      | 13.12      | 13.11        | 0.407    | 88.39     | 1.16      | 1.15        | 95.81       | 79.58       | 8.62        | 8.62          | 0.294     | 94.50     | 1.67      | 1.48        | 98.86       | 86.02       | 4.54        | 4.54          | 0.166     | 75.01          | 8.62           | 8.78             | 92.23            | 85.01            | 14.11            | 14.11              | 0.432          | 45.36    | 8.35     | 8.08       | 53.98      | 59.17      | 24.70      | 24.72        | 0.688   
Regularized logistic pooling                    | 80.67    | 4.11     | 4.12       | 93.25      | 80.76      | 12.68      | 12.69        | 0.397    | 88.39     | 1.58      | 1.54        | 95.60       | 79.31       | 8.67        | 8.67          | 0.297     | 94.50     | 2.04      | 1.92        | 98.75       | 85.33       | 4.56        | 4.56          | 0.166     | 75.01          | 9.36           | 8.98             | 92.13            | 85.11            | 14.02            | 14.03              | 0.434          | 45.36    | 12.48    | 14.99      | 47.56      | 54.87      | 26.00      | 26.51        | 0.719   
Equal-weight BLP                                | 80.67    | 2.95     | 2.94       | 92.64      | 78.98      | 12.89      | 12.89        | 0.404    | 88.39     | 0.95      | 0.93        | 95.76       | 79.30       | 8.68        | 8.68          | 0.296     | 94.50     | 2.12      | 2.10        | 98.84       | 85.87       | 4.51        | 4.50          | 0.165     | 75.01          | 7.42           | 7.02             | 91.18            | 81.93            | 14.91            | 14.92              | 0.452          | 45.36    | 7.97     | 8.12       | 55.17      | 59.02      | 24.38      | 24.41        | 0.680   
Kahn (diagonal covariance)                      | 80.67    | 10.20    | 7.82       | 93.22      | 80.64      | 14.95      | 13.91        | 0.487    | 88.39     | 8.33      | 6.80        | 95.63       | 79.53       | 10.68       | 9.96          | 0.398     | 94.50     | 8.99      | 10.69       | 98.76       | 85.67       | 7.74        | 7.67          | 0.246     | 75.01          | 8.02           | 9.24             | 92.46            | 85.50            | 14.32            | 13.95              | 0.452          | 45.36    | 10.72    | 11.48      | 51.36      | 57.05      | 25.26      | 25.33        | 0.701   
Judge g3-27i: reasoning (approx.)               | 80.67    | 13.58    | 2.97       | 89.43      | 73.26      | 15.66      | 13.75        | 1.024    | 88.39     | 9.59      | 2.48        | 92.33       | 67.66       | 10.50       | 9.52          | 0.970     | 94.50     | 4.70      | 0.92        | 96.82       | 71.28       | 4.89        | 4.40          | 0.458     | 75.01          | 14.55          | 5.95             | 86.55            | 75.33            | 17.48            | 16.28              | 1.065          | 45.36    | 38.93    | 13.70      | 54.20      | 59.50      | 39.30      | 25.58        | 1.551   
Judge g3-27i: reasoning + confidence (approx.)  | 80.67    | 11.04    | 6.04       | 91.50      | 76.31      | 14.79      | 13.84        | 0.615    | 88.39     | 8.19      | 3.61        | 94.44       | 75.80       | 9.81        | 9.21          | 0.652     | 94.50     | 0.97      | 5.75        | 98.68       | 84.23       | 4.39        | 5.16          | 0.178     | 75.01          | 14.62          | 10.89            | 89.66            | 79.93            | 17.68            | 15.92              | 0.659          | 45.36    | 37.84    | 12.77      | 54.71      | 58.35      | 37.82      | 25.49        | 1.046   
Judge l32-3bi: reasoning (approx.)              | 80.67    | 7.68     | 4.36       | 85.01      | 61.88      | 15.49      | 15.01        | 0.491    | 88.39     | 3.57      | 3.14        | 92.23       | 66.47       | 9.79        | 9.79          | 0.340     | 94.50     | 6.52      | 4.63        | 97.07       | 70.17       | 5.79        | 5.68          | 0.243     | 75.01          | 11.46          | 5.48             | 81.14            | 62.44            | 19.27            | 18.12              | 0.591          | 45.36    | 39.04    | 7.76       | 50.75      | 56.18      | 39.38      | 25.20        | 1.081   
Judge l32-3bi: reasoning + confidence (approx.) | 80.67    | 7.17     | 5.19       | 86.60      | 65.43      | 15.31      | 14.92        | 0.500    | 88.39     | 6.05      | 4.80        | 93.48       | 67.77       | 10.76       | 10.67         | 0.369     | 94.50     | 6.16      | 4.42        | 97.13       | 72.53       | 5.42        | 5.24          | 0.244     | 75.01          | 11.75          | 6.98             | 80.93            | 61.15            | 19.52            | 18.84              | 0.634          | 45.36    | 39.45    | 8.53       | 49.79      | 54.99      | 39.99      | 25.33        | 1.286   
CAGE-CAL (IID + BetaSB)                         | 80.67    | 8.48     | --         | 89.00      | 71.29      | 14.79      | --           | 0.477    | 88.39     | 0.96      | --          | 94.91       | 74.80       | 9.35        | --            | 0.322     | 94.50     | 2.20      | --          | 98.66       | 86.32       | 4.28        | --            | 0.164     | 75.01          | 4.28           | --               | 86.33            | 73.98            | 15.97            | --                 | 0.489          | 45.36    | 17.15    | --         | 54.71      | 62.25      | 26.40      | --           | 0.732   
