Voting protocol / seq / size_4 / absolute
Acc, ECE, t-ECE, AUARC, AUROC, Brier and t-Brier are x100; NLL is unscaled in nats.
Each model group has equal weight; the overall table averages groups, not size-table averages.
Delta = method minus its own group's reference before averaging: negative ECE/Brier/NLL and positive Acc/AUARC/AUROC are improvements.
Panel counts are in the matching coverage table; -- means unavailable. Partial rows use different groups.
All present methods and solo models use the same scored questions within each group and estimator.
Judge rows marked approximate reuse old scores, including changed targets; rerun before publication.
CAGE-CAL uses the IID voting adaptation and ensemble scores across training seeds; Dataset-specific BetaSB identity fallbacks are recorded in manifest.json.

Method                                          | CSQA Acc | CSQA ECE | CSQA t-ECE | CSQA AUARC | CSQA AUROC | CSQA Brier | CSQA t-Brier | CSQA NLL | BoolQ Acc | BoolQ ECE | BoolQ t-ECE | BoolQ AUARC | BoolQ AUROC | BoolQ Brier | BoolQ t-Brier | BoolQ NLL | GSM8K Acc | GSM8K ECE | GSM8K t-ECE | GSM8K AUARC | GSM8K AUROC | GSM8K Brier | GSM8K t-Brier | GSM8K NLL | TruthfulQA Acc | TruthfulQA ECE | TruthfulQA t-ECE | TruthfulQA AUARC | TruthfulQA AUROC | TruthfulQA Brier | TruthfulQA t-Brier | TruthfulQA NLL | GPQA Acc | GPQA ECE | GPQA t-ECE | GPQA AUARC | GPQA AUROC | GPQA Brier | GPQA t-Brier | GPQA NLL
------------------------------------------------+----------+----------+------------+------------+------------+------------+--------------+----------+-----------+-----------+-------------+-------------+-------------+-------------+---------------+-----------+-----------+-----------+-------------+-------------+-------------+-------------+---------------+-----------+----------------+----------------+------------------+------------------+------------------+------------------+--------------------+----------------+----------+----------+------------+------------+------------+------------+--------------+---------
Solo reference                                  | 77.75    | 17.02    | 7.48       | 89.28      | 75.24      | 18.84      | 15.87        | 0.771    | 88.02     | 10.02     | 3.36        | 95.46       | 79.83       | 10.54       | 9.02          | 0.599     | 94.14     | 22.11     | 23.03       | 98.77       | 86.01       | 19.46       | 13.62         | 0.847     | 74.88          | 18.57          | 10.93            | 91.25            | 83.03            | 19.50            | 15.29              | 0.831          | 47.61    | 34.76    | 5.04       | 57.99      | 58.13      | 35.40      | 24.66        | 1.295   
Arithmetic mean                                 | 81.81    | 6.53     | 6.83       | 93.53      | 80.15      | 13.01      | 12.96        | 0.411    | 88.97     | 4.50      | 3.76        | 95.96       | 79.17       | 8.83        | 8.82          | 0.327     | 95.24     | 24.46     | 24.50       | 99.07       | 87.02       | 18.43       | 14.20         | 0.577     | 74.49          | 6.11           | 8.95             | 91.27            | 83.36            | 14.42            | 14.86              | 0.453          | 49.51    | 19.34    | 8.17       | 58.70      | 57.78      | 27.04      | 24.25        | 0.766   
Log-odds sum                                    | 81.81    | 16.34    | 6.51       | 93.83      | 80.92      | 16.82      | 13.07        | 1.259    | 88.97     | 10.50     | 3.10        | 95.98       | 79.59       | 10.74       | 8.99          | 1.081     | 95.24     | 26.30     | 31.31       | 98.98       | 86.70       | 25.09       | 17.13         | 2.101     | 74.49          | 16.97          | 10.41            | 92.09            | 85.33            | 17.52            | 14.08              | 1.350          | 49.51    | 39.80    | 10.24      | 59.36      | 58.48      | 39.60      | 24.16        | 2.303   
Log-odds mean                                   | 81.81    | 9.57     | 5.91       | 93.83      | 80.92      | 13.70      | 12.76        | 0.455    | 88.97     | 7.48      | 2.36        | 95.98       | 79.59       | 9.45        | 8.64          | 0.391     | 95.24     | 24.41     | 27.16       | 98.98       | 86.70       | 20.12       | 15.34         | 0.678     | 74.49          | 9.14           | 7.77             | 92.09            | 85.33            | 14.55            | 13.72              | 0.490          | 49.51    | 24.16    | 8.50       | 59.36      | 58.48      | 29.22      | 23.99        | 0.852   
Shared rho                                      | 81.81    | 13.30    | 5.91       | 93.83      | 80.92      | 15.22      | 12.76        | 0.672    | 88.97     | 9.47      | 2.36        | 95.98       | 79.59       | 10.18       | 8.64          | 0.664     | 95.24     | 24.60     | 27.16       | 98.98       | 86.70       | 20.85       | 15.34         | 0.755     | 74.49          | 13.75          | 7.77             | 92.09            | 85.33            | 16.20            | 13.71              | 0.774          | 49.51    | 35.48    | 8.51       | 59.36      | 58.48      | 35.99      | 24.00        | 1.467   
Shared scale                                    | 81.81    | 5.91     | 5.91       | 93.83      | 80.92      | 12.76      | 12.76        | 0.397    | 88.97     | 2.36      | 2.36        | 95.98       | 79.59       | 8.64        | 8.64          | 0.294     | 95.24     | 27.16     | 27.16       | 98.98       | 86.70       | 15.34       | 15.34         | 0.452     | 74.49          | 7.77           | 7.77             | 92.09            | 85.33            | 13.72            | 13.72              | 0.428          | 49.51    | 8.50     | 8.50       | 59.36      | 58.48      | 23.99      | 23.99        | 0.672   
Kahn (full covariance)                          | 81.81    | 4.22     | 3.56       | 93.85      | 81.08      | 12.31      | 12.19        | 0.389    | 88.97     | 4.77      | 3.37        | 96.11       | 80.34       | 9.00        | 8.81          | 0.308     | 95.24     | 2.25      | 2.02        | 98.96       | 86.11       | 3.91        | 3.90          | 0.148     | 74.49          | 9.45           | 9.42             | 92.58            | 86.53            | 14.03            | 13.75              | 0.431          | 49.51    | 13.01    | 17.97      | 52.12      | 52.21      | 27.25      | 27.97        | 0.753   
Weighted BLP                                    | 81.81    | 3.07     | 3.07       | 93.77      | 80.45      | 12.19      | 12.18        | 0.384    | 88.97     | 0.94      | 0.95        | 96.24       | 80.30       | 8.34        | 8.34          | 0.284     | 95.24     | 2.50      | 2.30        | 99.04       | 86.61       | 3.92        | 3.90          | 0.149     | 74.49          | 7.71           | 7.81             | 92.47            | 85.76            | 13.56            | 13.55              | 0.411          | 49.51    | 8.76     | 8.74       | 57.04      | 57.09      | 25.20      | 25.19        | 0.699   
Regularized logistic pooling                    | 81.81    | 3.24     | 3.15       | 93.92      | 81.38      | 11.96      | 11.97        | 0.379    | 88.97     | 1.62      | 1.63        | 96.21       | 80.41       | 8.39        | 8.39          | 0.287     | 95.24     | 1.95      | 1.81        | 98.95       | 86.14       | 3.86        | 3.85          | 0.146     | 74.49          | 8.78           | 8.76             | 92.57            | 86.53            | 13.52            | 13.53              | 0.417          | 49.51    | 15.41    | 19.16      | 51.26      | 51.20      | 27.48      | 28.37        | 0.758   
Equal-weight BLP                                | 81.81    | 2.76     | 2.74       | 93.53      | 80.15      | 12.19      | 12.19        | 0.384    | 88.97     | 0.56      | 0.58        | 95.96       | 79.17       | 8.43        | 8.43          | 0.288     | 95.24     | 2.78      | 2.62        | 99.07       | 87.02       | 3.87        | 3.86          | 0.147     | 74.49          | 7.30           | 7.68             | 91.27            | 83.36            | 14.55            | 14.56              | 0.441          | 49.51    | 8.57     | 8.15       | 58.70      | 57.78      | 24.46      | 24.47        | 0.682   
Kahn (diagonal covariance)                      | 81.81    | 11.70    | 10.18      | 93.92      | 81.21      | 15.29      | 13.91        | 0.512    | 88.97     | 9.89      | 8.76        | 96.05       | 79.92       | 11.31       | 10.30         | 0.446     | 95.24     | 13.05     | 15.25       | 98.99       | 86.83       | 10.34       | 9.44          | 0.332     | 74.49          | 8.60           | 9.65             | 92.59            | 86.74            | 14.16            | 13.67              | 0.465          | 49.51    | 9.66     | 10.20      | 57.11      | 57.27      | 25.29      | 25.52        | 0.702   
Judge g3-27i: reasoning (approx.)               | 81.81    | 12.55    | 3.61       | 90.41      | 73.61      | 14.90      | 13.22        | 0.928    | 88.97     | 9.04      | 2.69        | 93.13       | 69.29       | 10.02       | 9.10          | 0.868     | 95.24     | 3.84      | 1.47        | 97.61       | 74.82       | 4.18        | 3.91          | 0.352     | 74.49          | 15.18          | 4.78             | 87.43            | 77.15            | 17.86            | 15.89              | 0.953          | 49.51    | 34.93    | 8.23       | 57.28      | 59.76      | 35.66      | 24.88        | 1.448   
Judge g3-27i: reasoning + confidence (approx.)  | 81.81    | 10.60    | 5.93       | 92.31      | 77.18      | 14.08      | 13.15        | 0.592    | 88.97     | 7.55      | 4.00        | 94.76       | 75.68       | 9.39        | 9.01          | 0.613     | 95.24     | 1.23      | 5.90        | 98.63       | 81.60       | 4.15        | 4.81          | 0.184     | 74.49          | 15.67          | 9.56             | 90.34            | 80.92            | 18.11            | 15.66              | 0.590          | 49.51    | 31.97    | 5.22       | 59.96      | 62.96      | 33.61      | 24.52        | 0.939   
Judge l32-3bi: reasoning (approx.)              | 81.81    | 6.17     | 2.90       | 86.07      | 62.49      | 14.59      | 14.26        | 0.471    | 88.97     | 4.37      | 3.33        | 93.17       | 67.83       | 9.47        | 9.47          | 0.328     | 95.24     | 5.76      | 5.93        | 97.09       | 67.97       | 4.87        | 4.85          | 0.231     | 74.49          | 11.63          | 4.06             | 80.98            | 62.33            | 19.57            | 18.24              | 0.591          | 49.51    | 34.38    | 4.25       | 54.79      | 56.36      | 36.25      | 25.08        | 1.039   
Judge l32-3bi: reasoning + confidence (approx.) | 81.81    | 6.63     | 4.11       | 86.39      | 63.53      | 14.68      | 14.32        | 0.485    | 88.97     | 5.37      | 4.29        | 94.05       | 70.69       | 9.61        | 9.58          | 0.339     | 95.24     | 5.88      | 5.51        | 96.69       | 67.19       | 5.01        | 4.93          | 0.281     | 74.49          | 13.06          | 5.75             | 79.69            | 59.25            | 20.19            | 18.78              | 0.653          | 49.51    | 35.03    | 5.15       | 60.32      | 61.41      | 35.95      | 24.66        | 1.028   
CAGE-CAL (IID + BetaSB)                         | 81.81    | 6.97     | --         | 91.78      | 76.06      | 13.53      | --           | 0.430    | 88.97     | 1.72      | --          | 95.48       | 76.50       | 8.85        | --            | 0.306     | 95.24     | 1.62      | --          | 98.94       | 87.66       | 3.71        | --            | 0.142     | 74.49          | 7.80           | --               | 88.86            | 78.34            | 15.66            | --                 | 0.477          | 49.51    | 12.55    | --         | 56.41      | 58.71      | 25.95      | --           | 0.720   
