Voting protocol / seq / size_2 / absolute
Acc, ECE, t-ECE, AUARC, AUROC, Brier and t-Brier are x100; NLL is unscaled in nats.
Each model group has equal weight; the overall table averages groups, not size-table averages.
Delta = method minus its own group's reference before averaging: negative ECE/Brier/NLL and positive Acc/AUARC/AUROC are improvements.
Panel counts are in the matching coverage table; -- means unavailable. Partial rows use different groups.
All present methods and solo models use the same scored questions within each group and estimator.
Judge rows marked approximate reuse old scores, including changed targets; rerun before publication.
CAGE-CAL uses the IID voting adaptation and ensemble scores across training seeds; Dataset-specific BetaSB identity fallbacks are recorded in manifest.json.

Method                                          | CSQA Acc | CSQA ECE | CSQA t-ECE | CSQA AUARC | CSQA AUARC (same answer) | CSQA AUROC | CSQA Brier | CSQA t-Brier | CSQA NLL | BoolQ Acc | BoolQ ECE | BoolQ t-ECE | BoolQ AUARC | BoolQ AUARC (same answer) | BoolQ AUROC | BoolQ Brier | BoolQ t-Brier | BoolQ NLL | GSM8K Acc | GSM8K ECE | GSM8K t-ECE | GSM8K AUARC | GSM8K AUARC (same answer) | GSM8K AUROC | GSM8K Brier | GSM8K t-Brier | GSM8K NLL | TruthfulQA Acc | TruthfulQA ECE | TruthfulQA t-ECE | TruthfulQA AUARC | TruthfulQA AUARC (same answer) | TruthfulQA AUROC | TruthfulQA Brier | TruthfulQA t-Brier | TruthfulQA NLL | GPQA Acc | GPQA ECE | GPQA t-ECE | GPQA AUARC | GPQA AUARC (same answer) | GPQA AUROC | GPQA Brier | GPQA t-Brier | GPQA NLL
------------------------------------------------+----------+----------+------------+------------+--------------------------+------------+------------+--------------+----------+-----------+-----------+-------------+-------------+---------------------------+-------------+-------------+---------------+-----------+-----------+-----------+-------------+-------------+---------------------------+-------------+-------------+---------------+-----------+----------------+----------------+------------------+------------------+--------------------------------+------------------+------------------+--------------------+----------------+----------+----------+------------+------------+--------------------------+------------+------------+--------------+---------
Solo reference                                  | 78.01    | 15.90    | 5.33       | 90.96      | 91.52                    | 79.08      | 17.44      | 14.33        | 0.784    | 87.76     | 10.58     | 3.35        | 95.27       | 95.39                     | 79.16       | 11.03       | 9.36          | 0.662     | 91.96     | 21.41     | 21.98       | 98.33       | 98.71                     | 86.49       | 19.34       | 13.80         | 0.877     | 74.96          | 18.78          | 10.97            | 91.38            | 91.74                          | 83.16            | 19.58            | 15.11              | 0.896          | 45.90    | 33.86    | 11.34      | 52.65      | 54.15                    | 55.87      | 35.82      | 25.37        | 1.351   
Arithmetic mean                                 | 80.02    | 8.66     | 6.11       | 92.19      | 92.19                    | 78.48      | 14.51      | 13.96        | 0.486    | 88.45     | 7.62      | 4.28        | 95.52       | 95.52                     | 78.02       | 9.84        | 9.40          | 0.476     | 93.75     | 23.04     | 23.08       | 98.77       | 98.77                     | 86.98       | 18.50       | 13.91         | 0.646     | 75.79          | 11.25          | 7.96             | 90.81            | 90.81                          | 79.69            | 16.66            | 15.54              | 0.581          | 44.57    | 23.14    | 7.88       | 53.57      | 53.57                    | 57.69      | 28.86      | 24.74        | 0.872   
Log-odds sum                                    | 80.02    | 16.08    | 5.28       | 92.46      | 92.46                    | 79.54      | 17.26      | 13.71        | 0.925    | 88.45     | 10.88     | 3.19        | 94.99       | 94.99                     | 77.15       | 11.17       | 9.24          | 0.879     | 93.75     | 24.22     | 26.22       | 98.68       | 98.68                     | 86.79       | 22.46       | 15.09         | 1.280     | 75.79          | 18.82          | 8.87             | 91.53            | 91.53                          | 81.83            | 19.70            | 14.99              | 1.131          | 44.57    | 36.86    | 10.48      | 54.15      | 54.15                    | 58.01      | 36.89      | 24.52        | 1.612   
Log-odds mean                                   | 80.02    | 11.65    | 5.28       | 92.46      | 92.46                    | 79.54      | 15.36      | 13.71        | 0.541    | 88.45     | 9.15      | 3.19        | 94.99       | 94.99                     | 77.15       | 10.35       | 9.24          | 0.471     | 93.75     | 22.97     | 26.22       | 98.68       | 98.68                     | 86.79       | 19.65       | 15.09         | 0.709     | 75.79          | 14.52          | 8.87             | 91.53            | 91.53                          | 81.83            | 17.53            | 14.99              | 0.642          | 44.57    | 28.79    | 8.59       | 54.15      | 54.15                    | 58.01      | 31.51      | 24.60        | 0.983   
Shared rho                                      | 80.02    | 14.79    | 5.28       | 92.46      | 92.46                    | 79.54      | 16.58      | 13.71        | 0.733    | 88.45     | 10.32     | 3.19        | 94.99       | 94.99                     | 77.15       | 10.84       | 9.24          | 0.647     | 93.75     | 23.13     | 26.22       | 98.68       | 98.68                     | 86.79       | 20.07       | 15.09         | 0.761     | 75.79          | 17.68          | 8.87             | 91.53            | 91.53                          | 81.83            | 19.04            | 14.99              | 0.931          | 44.57    | 35.56    | 10.26      | 54.15      | 54.15                    | 58.01      | 35.65      | 24.54        | 1.356   
Shared scale                                    | 80.02    | 5.28     | 5.28       | 92.46      | 92.46                    | 79.54      | 13.71      | 13.71        | 0.425    | 88.45     | 3.19      | 3.19        | 94.99       | 94.99                     | 77.15       | 9.24        | 9.24          | 0.314     | 93.75     | 26.22     | 26.22       | 98.68       | 98.68                     | 86.79       | 15.09       | 15.09         | 0.452     | 75.79          | 8.87           | 8.87             | 91.53            | 91.53                          | 81.83            | 14.99            | 14.99              | 0.460          | 44.57    | 8.58     | 8.58       | 54.15      | 54.15                    | 58.01      | 24.70      | 24.70        | 0.686   
Kahn (full covariance)                          | 80.02    | 5.53     | 4.99       | 92.61      | 92.61                    | 80.04      | 13.63      | 13.38        | 0.424    | 88.45     | 4.71      | 3.80        | 95.04       | 95.04                     | 77.48       | 9.50        | 9.31          | 0.325     | 93.75     | 1.69      | 1.53        | 98.24       | 98.24                     | 84.81       | 4.97        | 4.97          | 0.179     | 75.79          | 9.46           | 8.89             | 91.65            | 91.65                          | 83.09            | 15.10            | 14.77              | 0.464          | 44.57    | 9.55     | 10.63      | 51.17      | 51.17                    | 57.36      | 25.06      | 25.25        | 0.696   
Weighted BLP                                    | 80.02    | 3.95     | 4.06       | 92.38      | 92.38                    | 79.18      | 13.31      | 13.31        | 0.415    | 88.45     | 1.80      | 1.74        | 95.58       | 95.58                     | 78.43       | 8.85        | 8.84          | 0.304     | 93.75     | 2.10      | 1.76        | 98.76       | 98.76                     | 86.85       | 4.89        | 4.87          | 0.175     | 75.79          | 8.39           | 8.54             | 91.62            | 91.62                          | 82.67            | 14.84            | 14.83              | 0.453          | 44.57    | 13.00    | 12.75      | 54.80      | 54.80                    | 60.23      | 24.57      | 24.47        | 0.685   
Regularized logistic pooling                    | 80.02    | 4.21     | 4.25       | 92.57      | 92.57                    | 79.95      | 13.17      | 13.17        | 0.411    | 88.45     | 1.96      | 1.93        | 95.01       | 95.01                     | 77.29       | 8.84        | 8.84          | 0.305     | 93.75     | 1.58      | 1.55        | 98.48       | 98.48                     | 85.91       | 4.88        | 4.87          | 0.176     | 75.79          | 8.43           | 9.13             | 91.54            | 91.54                          | 82.95            | 14.72            | 14.73              | 0.452          | 44.57    | 10.84    | 10.70      | 50.82      | 50.82                    | 57.16      | 25.05      | 25.31        | 0.696   
Equal-weight BLP                                | 80.02    | 2.96     | 3.02       | 92.19      | 92.19                    | 78.48      | 13.37      | 13.37        | 0.417    | 88.45     | 0.98      | 0.99        | 95.52       | 95.52                     | 78.02       | 8.87        | 8.87          | 0.305     | 93.75     | 2.26      | 1.96        | 98.77       | 98.77                     | 86.98       | 4.86        | 4.85          | 0.174     | 75.79          | 6.88           | 6.57             | 90.81            | 90.81                          | 79.69            | 15.18            | 15.18              | 0.459          | 44.57    | 12.42    | 12.09      | 53.57      | 53.57                    | 57.69      | 24.72      | 24.59        | 0.687   
Kahn (diagonal covariance)                      | 80.02    | 8.03     | 5.86       | 92.57      | 92.57                    | 79.92      | 14.28      | 13.73        | 0.449    | 88.45     | 6.68      | 5.45        | 95.03       | 95.03                     | 77.41       | 10.22       | 9.82          | 0.359     | 93.75     | 4.59      | 5.02        | 98.69       | 98.69                     | 86.81       | 5.61        | 5.63          | 0.192     | 75.79          | 9.17           | 9.72             | 92.03            | 92.03                          | 83.46            | 15.14            | 14.75              | 0.464          | 44.57    | 9.51     | 10.72      | 51.09      | 51.09                    | 56.86      | 24.83      | 25.22        | 0.689   
Judge g3-27i: reasoning (approx.)               | 80.02    | 13.81    | 3.84       | 88.85      | 88.85                    | 72.39      | 16.27      | 14.19        | 1.058    | 88.45     | 9.29      | 3.18        | 92.15       | 92.15                     | 66.73       | 10.49       | 9.74          | 0.981     | 93.75     | 4.89      | 1.08        | 96.70       | 96.70                     | 73.69       | 5.28        | 4.79          | 0.469     | 75.79          | 15.01          | 5.04             | 86.97            | 86.97                          | 75.03            | 17.54            | 15.91              | 1.079          | 44.57    | 38.22    | 11.93      | 53.83      | 53.83                    | 61.51      | 38.33      | 25.11        | 1.658   
Judge g3-27i: reasoning + confidence (approx.)  | 80.02    | 11.60    | 5.77       | 90.77      | 90.77                    | 75.77      | 15.40      | 14.23        | 0.687    | 88.45     | 8.21      | 3.21        | 94.03       | 94.03                     | 74.13       | 9.81        | 9.23          | 0.713     | 93.75     | 1.29      | 5.77        | 98.49       | 98.49                     | 84.58       | 4.82        | 5.50          | 0.198     | 75.79          | 13.81          | 11.46            | 89.84            | 89.84                          | 80.03            | 16.76            | 15.44              | 0.678          | 44.57    | 37.76    | 15.18      | 55.93      | 55.93                    | 60.59      | 37.19      | 25.48        | 1.079   
Judge l32-3bi: reasoning (approx.)              | 80.02    | 8.28     | 4.96       | 84.96      | 84.96                    | 63.22      | 16.00      | 15.40        | 0.505    | 88.45     | 3.09      | 2.60        | 91.48       | 91.48                     | 63.02       | 10.04       | 10.03         | 0.348     | 93.75     | 7.28      | 5.52        | 97.13       | 97.13                     | 74.19       | 6.42        | 6.30          | 0.256     | 75.79          | 10.26          | 4.73             | 81.61            | 81.61                          | 62.06            | 18.44            | 17.61              | 0.572          | 44.57    | 38.86    | 10.14      | 53.89      | 53.89                    | 62.21      | 38.55      | 25.33        | 1.120   
Judge l32-3bi: reasoning + confidence (approx.) | 80.02    | 7.13     | 5.52       | 86.94      | 86.94                    | 66.44      | 15.66      | 15.29        | 0.521    | 88.45     | 6.35      | 5.81        | 93.13       | 93.13                     | 65.52       | 11.21       | 11.18         | 0.381     | 93.75     | 6.21      | 3.81        | 96.55       | 96.55                     | 70.47       | 6.37        | 6.14          | 0.284     | 75.79          | 11.07          | 10.64            | 82.02            | 82.02                          | 60.42            | 19.07            | 19.45              | 0.651          | 44.57    | 40.30    | 12.64      | 55.57      | 55.57                    | 64.11      | 39.46      | 25.40        | 1.317   
CAGE-CAL (IID)                                  | 80.02    | 1.78     | 7.37       | 86.37      | 86.37                    | 66.71      | 14.57      | 15.09        | 0.461    | 88.45     | 3.74      | 2.42        | 94.49       | 94.49                     | 71.99       | 9.71        | 9.67          | 0.337     | 93.75     | 4.43      | 3.32        | 98.07       | 98.07                     | 82.64       | 4.90        | 5.01          | 0.191     | 75.79          | 1.61           | 2.52             | 82.58            | 82.58                          | 67.21            | 16.57            | 16.60              | 0.509          | 44.57    | 21.19    | 16.97      | 53.04      | 53.04                    | 62.85      | 28.03      | 26.56        | 0.771   
CAGE-CAL (IID + BetaSB)                         | 80.02    | 9.07     | --         | 86.37      | 86.37                    | 66.71      | 15.38      | --           | 0.506    | 88.45     | 1.03      | --          | 94.49       | 94.49                     | 71.99       | 9.60        | --            | 0.334     | 93.75     | 2.00      | --          | 98.07       | 98.07                     | 82.64       | 4.76        | --            | 0.184     | 75.79          | 1.61           | --               | 82.58            | 82.58                          | 67.21            | 16.57            | --                 | 0.509          | 44.57    | 21.19    | --         | 53.04      | 53.04                    | 62.85      | 28.03      | --           | 0.771   
